10.0
10.0
0.0
SECONDS:842
10.0
10.0
0.0
SECONDS:842
10.0
10.0
0.0
SECONDS:842
10.0
10.0
0.0
SECONDS:842
10.0
10.0
0.0
SECONDS:843
10.0
10.0
0.0
SECONDS:843
10.0
10.0
0.0
SECONDS:843
10.0
10.0
0.0
SECONDS:843
10.0
10.0
0.0
SECONDS:843
10.0
10.0
0.0
SECONDS:843
10.0
10.0
0.0
SECONDS:843
10.0
10.0
0.0
SECONDS:843
10.0
10.0
0.0
SECONDS:843
10.0
10.0
0.0
SECONDS:843
10.0
10.0
0.0
SECONDS:844
10.0
10.0
0.0
SECONDS:844
10.0
10.0
0.0
SECONDS:844
10.0
10.0
0.0
SECONDS:844
10.0
10.0
0.0
SECONDS:844
10.0
10.0
0.0
SECONDS:844
10.0
10.0
0.0
SECONDS:844
10.0
10.0
0.0
SECONDS:844
10.0
10.0
0.0
SECONDS:844
10.0
10.0
0.0
SECONDS:845
10.0
10.0
0.0
SECONDS:845
10.0
10.0
0.0
SECONDS:845
10.0
10.0
0.0
SECONDS:845
10.0
10.0
0.0
SECONDS:845
10.0
10.0
0.0
SECONDS:845
10.0
10.0
0.0
SECONDS:845
10.0
10.0
0.0
SECONDS:845
10.0
10.0
0.0
SECONDS:845
10.0
10.0
0.0
SECONDS:845
10.0
10.0
0.0
SECONDS:846
10.0
10.0
0.0
SECONDS:846
10.0
10.0
0.0
SECONDS:846
10.0
10.0
0.0
SECONDS:846
10.0
10.0
0.0
SECONDS:846
10.0
10.0
0.0
SECONDS:846
10.0
10.0
0.0
SECONDS:846
10.0
10.0
0.0
SECONDS:846
10.0
10.0
0.0
SECONDS:847
10.0
10.0
0.0
SECONDS:847
10.0
10.0
0.0
SECONDS:847
10.0
10.0
0.0
SECONDS:847
10.0
10.0
0.0
SECONDS:847
10.0
10.0
0.0
SECONDS:847
10.0
10.0
0.0
SECONDS:847
10.0
10.0
0.0
SECONDS:847
10.0
10.0
0.0
SECONDS:847
10.0
10.0
0.0
SECONDS:847
10.0
10.0
0.0
SECONDS:848
10.0
10.0
0.0
SECONDS:848
10.0
10.0
0.0
SECONDS:848
10.0
10.0
0.0
SECONDS:848
10.0
10.0
0.0
SECONDS:848
10.0
10.0
0.0
SECONDS:848
10.0
10.0
0.0
SECONDS:848
10.0
10.0
0.0
SECONDS:848
10.0
10.0
0.0
SECONDS:848
10.0
10.0
0.0
SECONDS:849
10.0
10.0
0.0
SECONDS:849
10.0
10.0
0.0
SECONDS:849
10.0
10.0
0.0
SECONDS:849
10.0
10.0
0.0
SECONDS:849
10.0
10.0
0.0
SECONDS:849
10.0
10.0
0.0
SECONDS:849
10.0
10.0
0.0
SECONDS:849
10.0
10.0
0.0
SECONDS:849
10.0
10.0
0.0
SECONDS:850
10.0
10.0
0.0
SECONDS:850
10.0
10.0
0.0
SECONDS:850
10.0
10.0
0.0
SECONDS:850
10.0
10.0
0.0
SECONDS:850
10.0
10.0
0.0
SECONDS:850
10.0
10.0
0.0
SECONDS:850
10.0
10.0
0.0
SECONDS:850
10.0
10.0
0.0
SECONDS:850
10.0
10.0
0.0
SECONDS:851
10.0
10.0
0.0
SECONDS:851
10.0
10.0
0.0
SECONDS:851
10.0
10.0
0.0
SECONDS:851
10.0
10.0
0.0
SECONDS:851
10.0
10.0
0.0
SECONDS:851
10.0
10.0
0.0
SECONDS:851
10.0
10.0
0.0
SECONDS:851
10.0
10.0
0.0
SECONDS:851
10.0
10.0
0.0
SECONDS:852
10.0
10.0
0.0
SECONDS:852
10.0
10.0
0.0
SECONDS:852
10.0
10.0
0.0
SECONDS:852
10.0
10.0
0.0
SECONDS:852
10.0
10.0
0.0
SECONDS:852
10.0
10.0
0.0
SECONDS:852
10.0
10.0
0.0
SECONDS:852
10.0
10.0
0.0
SECONDS:852
10.0
10.0
0.0
SECONDS:852
10.0
10.0
0.0
SECONDS:853
10.0
10.0
0.0
SECONDS:853
10.0
10.0
0.0
SECONDS:853
10.0
10.0
0.0
SECONDS:853
10.0
10.0
0.0
SECONDS:853
10.0
10.0
0.0
SECONDS:853
10.0
10.0
0.0
SECONDS:853
10.0
10.0
0.0
SECONDS:854
10.0
10.0
0.0
SECONDS:854
10.0
10.0
0.0
SECONDS:854
10.0
10.0
0.0
SECONDS:854
10.0
10.0
0.0
SECONDS:854
10.0
10.0
0.0
SECONDS:854
10.0
10.0
0.0
SECONDS:854
10.0
10.0
0.0
SECONDS:854
10.0
10.0
0.0
SECONDS:854
10.0
10.0
0.0
SECONDS:854
10.0
10.0
0.0
SECONDS:855
10.0
10.0
0.0
SECONDS:855
10.0
10.0
0.0
SECONDS:855
10.0
10.0
0.0
SECONDS:855
10.0
10.0
0.0
SECONDS:855
10.0
10.0
0.0
SECONDS:855
10.0
10.0
0.0
SECONDS:855
10.0
10.0
0.0
SECONDS:856
10.0
10.0
0.0
SECONDS:856
10.0
10.0
0.0
SECONDS:856
10.0
10.0
0.0
SECONDS:856
10.0
10.0
0.0
SECONDS:856
10.0
10.0
0.0
SECONDS:856
10.0
10.0
0.0
SECONDS:856
10.0
10.0
0.0
SECONDS:856
10.0
10.0
0.0
SECONDS:856
10.0
10.0
0.0
SECONDS:856
10.0
10.0
0.0
SECONDS:857
10.0
10.0
0.0
SECONDS:857
10.0
10.0
0.0
SECONDS:857
10.0
10.0
0.0
SECONDS:857
10.0
10.0
0.0
SECONDS:857
10.0
10.0
0.0
SECONDS:857
10.0
10.0
0.0
SECONDS:857
10.0
10.0
0.0
SECONDS:857
10.0
10.0
0.0
SECONDS:857
10.0
10.0
0.0
SECONDS:858
10.0
10.0
0.0
SECONDS:858
10.0
10.0
0.0
SECONDS:858
10.0
10.0
0.0
SECONDS:858
10.0
10.0
0.0
SECONDS:858
10.0
10.0
0.0
SECONDS:858
10.0
10.0
0.0
SECONDS:858
10.0
10.0
0.0
SECONDS:858
10.0
10.0
0.0
SECONDS:858
10.0
10.0
0.0
SECONDS:858
10.0
10.0
0.0
SECONDS:859
10.0
10.0
0.0
SECONDS:859
10.0
10.0
0.0
SECONDS:859
10.0
10.0
0.0
SECONDS:859
10.0
10.0
0.0
SECONDS:859
10.0
10.0
0.0
SECONDS:859
10.0
10.0
0.0
SECONDS:859
10.0
10.0
0.0
SECONDS:859
10.0
10.0
0.0
SECONDS:90
10.0
10.0
0.0
SECONDS:90
10.0
10.0
0.0
SECONDS:90
10.0
10.0
0.0
SECONDS:90
10.0
10.0
0.0
SECONDS:90
10.0
10.0
0.0
SECONDS:90
10.0
10.0
0.0
SECONDS:90
10.0
10.0
0.0
SECONDS:90
10.0
10.0
0.0
SECONDS:90
10.0
10.0
0.0
SECONDS:91
10.0
10.0
0.0
SECONDS:91
10.0
10.0
0.0
SECONDS:91
10.0
10.0
0.0
SECONDS:91
10.0
10.0
0.0
SECONDS:91
10.0
10.0
0.0
SECONDS:91
10.0
10.0
0.0
SECONDS:91
10.0
10.0
0.0
SECONDS:92
10.0
10.0
0.0
SECONDS:92
10.0
10.0
0.0
SECONDS:92
10.0
10.0
0.0
SECONDS:92
10.0
10.0
0.0
SECONDS:92
10.0
10.0
0.0
SECONDS:92
10.0
10.0
0.0
SECONDS:92
10.0
10.0
0.0
SECONDS:92
10.0
10.0
0.0
SECONDS:92
10.0
10.0
0.0
SECONDS:92
10.0
10.0
0.0
SECONDS:93
10.0
10.0
0.0
SECONDS:93
10.0
10.0
0.0
SECONDS:93
10.0
10.0
0.0
SECONDS:93
10.0
10.0
0.0
SECONDS:93
10.0
10.0
0.0
SECONDS:93
10.0
10.0
0.0
SECONDS:93
10.0
10.0
0.0
SECONDS:93
10.0
10.0
0.0
SECONDS:93
10.0
10.0
0.0
SECONDS:94
10.0
10.0
0.0
SECONDS:94
10.0
10.0
0.0
SECONDS:94
10.0
10.0
0.0
SECONDS:94
10.0
10.0
0.0
SECONDS:94
10.0
10.0
0.0
SECONDS:94
10.0
10.0
0.0
SECONDS:94
10.0
10.0
0.0
SECONDS:95
10.0
10.0
0.0
SECONDS:95
10.0
10.0
0.0
SECONDS:95
10.0
10.0
0.0
SECONDS:95
10.0
10.0
0.0
SECONDS:95
10.0
10.0
0.0
SECONDS:95
10.0
10.0
0.0
SECONDS:95
10.0
10.0
0.0
SECONDS:95
10.0
10.0
0.0
SECONDS:95
10.0
10.0
0.0
SECONDS:96
10.0
10.0
0.0
SECONDS:96
10.0
10.0
0.0
SECONDS:96
10.0
10.0
0.0
SECONDS:96
10.0
10.0
0.0
SECONDS:96
10.0
10.0
0.0
SECONDS:96
10.0
10.0
0.0
SECONDS:96
10.0
10.0
0.0
SECONDS:96
10.0
10.0
0.0
SECONDS:96
10.0
10.0
0.0
SECONDS:97
10.0
10.0
0.0
SECONDS:97
10.0
10.0
0.0
SECONDS:97
10.0
10.0
0.0
SECONDS:97
10.0
10.0
0.0
SECONDS:97
10.0
10.0
0.0
SECONDS:97
10.0
10.0
0.0
SECONDS:97
10.0
10.0
0.0
SECONDS:97
10.0
10.0
0.0
SECONDS:97
10.0
10.0
0.0
SECONDS:98
10.0
10.0
0.0
SECONDS:98
10.0
10.0
0.0
SECONDS:98
10.0
10.0
0.0
SECONDS:98
10.0
10.0
0.0
SECONDS:98
10.0
10.0
0.0
SECONDS:98
10.0
10.0
0.0
SECONDS:98
10.0
10.0
0.0
SECONDS:98
10.0
10.0
0.0
SECONDS:98
10.0
10.0
0.0
SECONDS:99
10.0
10.0
0.0
SECONDS:99
10.0
10.0
0.0
SECONDS:99
10.0
10.0
0.0
SECONDS:99
10.0
10.0
0.0
SECONDS:99
10.0
10.0
0.0
SECONDS:99
10.0
10.0
0.0
SECONDS:99
10.0
10.0
0.0
SECONDS:99
10.0
10.0
0.0
SECONDS:99
10.0
10.0
0.0
SECONDS:910
10.0
10.0
0.0
SECONDS:910
10.0
10.0
0.0
SECONDS:910
10.0
10.0
0.0
SECONDS:910
10.0
10.0
0.0
SECONDS:910
10.0
10.0
0.0
SECONDS:910
10.0
10.0
0.0
SECONDS:910
10.0
10.0
0.0
SECONDS:910
10.0
10.0
0.0
SECONDS:911
10.0
10.0
0.0
SECONDS:911
10.0
10.0
0.0
SECONDS:911
10.0
10.0
0.0
SECONDS:911
10.0
10.0
0.0
SECONDS:911
10.0
10.0
0.0
SECONDS:911
10.0
10.0
0.0
SECONDS:911
10.0
10.0
0.0
SECONDS:911
10.0
10.0
0.0
SECONDS:911
10.0
10.0
0.0
SECONDS:912
10.0
10.0
0.0
SECONDS:912
10.0
10.0
0.0
SECONDS:912
10.0
10.0
0.0
SECONDS:912
10.0
10.0
0.0
SECONDS:912
10.0
10.0
0.0
SECONDS:912
10.0
10.0
0.0
SECONDS:912
10.0
10.0
0.0
SECONDS:913
10.0
10.0
0.0
SECONDS:913
10.0
10.0
0.0
SECONDS:913
10.0
10.0
0.0
SECONDS:913
10.0
10.0
0.0
SECONDS:913
10.0
10.0
0.0
SECONDS:913
10.0
10.0
0.0
SECONDS:913
10.0
10.0
0.0
SECONDS:914
10.0
10.0
0.0
SECONDS:914
10.0
10.0
0.0
SECONDS:914
10.0
10.0
0.0
SECONDS:914
10.0
10.0
0.0
SECONDS:914
10.0
10.0
0.0
SECONDS:914
10.0
10.0
0.0
SECONDS:914
10.0
10.0
0.0
SECONDS:914
10.0
10.0
0.0
SECONDS:914
10.0
10.0
0.0
SECONDS:915
10.0
10.0
0.0
SECONDS:915
10.0
10.0
0.0
SECONDS:915
10.0
10.0
0.0
SECONDS:915
10.0
10.0
0.0
SECONDS:915
10.0
10.0
0.0
SECONDS:915
10.0
10.0
0.0
SECONDS:915
10.0
10.0
0.0
SECONDS:915
10.0
10.0
0.0
SECONDS:915
10.0
10.0
0.0
SECONDS:916
10.0
10.0
0.0
SECONDS:916
10.0
10.0
0.0
SECONDS:916
10.0
10.0
0.0
SECONDS:916
10.0
10.0
0.0
SECONDS:916
10.0
10.0
0.0
SECONDS:916
10.0
10.0
0.0
SECONDS:916
10.0
10.0
0.0
SECONDS:916
10.0
10.0
0.0
SECONDS:916
10.0
10.0
0.0
SECONDS:917
10.0
10.0
0.0
SECONDS:917
10.0
10.0
0.0
SECONDS:917
10.0
10.0
0.0
SECONDS:917
10.0
10.0
0.0
SECONDS:917
10.0
10.0
0.0
SECONDS:917
10.0
10.0
0.0
SECONDS:917
10.0
10.0
0.0
SECONDS:917
10.0
10.0
0.0
SECONDS:917
10.0
10.0
0.0
SECONDS:918
10.0
10.0
0.0
SECONDS:918
10.0
10.0
0.0
SECONDS:918
10.0
10.0
0.0
SECONDS:918
10.0
10.0
0.0
SECONDS:918
10.0
10.0
0.0
SECONDS:918
10.0
10.0
0.0
SECONDS:918
10.0
10.0
0.0
SECONDS:918
10.0
10.0
0.0
SECONDS:918
10.0
10.0
0.0
SECONDS:919
10.0
10.0
0.0
SECONDS:919
10.0
10.0
0.0
SECONDS:919
10.0
10.0
0.0
SECONDS:919
10.0
10.0
0.0
SECONDS:919
10.0
10.0
0.0
SECONDS:919
10.0
10.0
0.0
SECONDS:919
10.0
10.0
0.0
SECONDS:919
10.0
10.0
0.0
SECONDS:919
10.0
10.0
0.0
SECONDS:920
10.0
10.0
0.0
SECONDS:920
10.0
10.0
0.0
SECONDS:920
10.0
10.0
0.0
SECONDS:920
10.0
10.0
0.0
SECONDS:920
10.0
10.0
0.0
SECONDS:920
10.0
10.0
0.0
SECONDS:920
10.0
10.0
0.0
SECONDS:920
10.0
10.0
0.0
SECONDS:920
10.0
10.0
0.0
SECONDS:921
10.0
10.0
0.0
SECONDS:921
10.0
10.0
0.0
SECONDS:921
10.0
10.0
0.0
SECONDS:921
10.0
10.0
0.0
SECONDS:921
10.0
10.0
0.0
SECONDS:921
10.0
10.0
0.0
SECONDS:921
10.0
10.0
0.0
SECONDS:921
10.0
10.0
0.0
SECONDS:921
10.0
10.0
0.0
SECONDS:922
10.0
10.0
0.0
SECONDS:922
10.0
10.0
0.0
SECONDS:922
10.0
10.0
0.0
SECONDS:922
10.0
10.0
0.0
SECONDS:922
10.0
10.0
0.0
SECONDS:922
10.0
10.0
0.0
SECONDS:922
10.0
10.0
0.0
SECONDS:922
10.0
10.0
0.0
SECONDS:922
10.0
10.0
0.0
SECONDS:923
10.0
10.0
0.0
SECONDS:923
10.0
10.0
0.0
SECONDS:923
10.0
10.0
0.0
SECONDS:923
10.0
10.0
0.0
SECONDS:923
10.0
10.0
0.0
SECONDS:923
10.0
10.0
0.0
SECONDS:923
10.0
10.0
0.0
SECONDS:923
10.0
10.0
0.0
SECONDS:923
10.0
10.0
0.0
SECONDS:924
10.0
10.0
0.0
SECONDS:924
10.0
10.0
0.0
SECONDS:924
10.0
10.0
0.0
SECONDS:924
10.0
10.0
0.0
SECONDS:924
10.0
10.0
0.0
SECONDS:924
10.0
10.0
0.0
SECONDS:924
10.0
10.0
0.0
SECONDS:924
10.0
10.0
0.0
SECONDS:924
10.0
10.0
0.0
SECONDS:925
10.0
10.0
0.0
SECONDS:925
10.0
10.0
0.0
SECONDS:925
10.0
10.0
0.0
SECONDS:925
10.0
10.0
0.0
SECONDS:925
10.0
10.0
0.0
SECONDS:925
10.0
10.0
0.0
SECONDS:925
10.0
10.0
0.0
SECONDS:925
10.0
10.0
0.0
SECONDS:926
10.0
10.0
0.0
SECONDS:926
10.0
10.0
0.0
SECONDS:926
10.0
10.0
0.0
SECONDS:926
10.0
10.0
0.0
SECONDS:926
10.0
10.0
0.0
SECONDS:926
10.0
10.0
0.0
SECONDS:926
10.0
10.0
0.0
SECONDS:926
10.0
10.0
0.0
SECONDS:926
10.0
10.0
0.0
SECONDS:927
10.0
10.0
0.0
SECONDS:927
10.0
10.0
0.0
SECONDS:927
10.0
10.0
0.0
SECONDS:927
10.0
10.0
0.0
SECONDS:927
10.0
10.0
0.0
SECONDS:927
10.0
10.0
0.0
SECONDS:927
10.0
10.0
0.0
SECONDS:927
10.0
10.0
0.0
SECONDS:927
10.0
10.0
0.0
SECONDS:928
10.0
10.0
0.0
SECONDS:928
10.0
10.0
0.0
SECONDS:928
10.0
10.0
0.0
SECONDS:928
10.0
10.0
0.0
SECONDS:928
10.0
10.0
0.0
SECONDS:928
10.0
10.0
0.0
SECONDS:928
10.0
10.0
0.0
SECONDS:932
11.2000007629
11.2000007629
0.0
SECONDS:937
11.2000007629
11.2000007629
0.0
SECONDS:937
11.2000007629
11.2000007629
0.0
SECONDS:937
11.2000007629
11.2000007629
0.0
SECONDS:937
11.2000007629
11.2000007629
0.0
SECONDS:937
11.8000011444
11.8000011444
0.0
SECONDS:938
11.8000011444
11.8000011444
0.0
SECONDS:938
11.8000011444
11.8000011444
0.0
SECONDS:938
11.8000011444
11.8000011444
0.0
SECONDS:938
11.8000011444
11.8000011444
0.0
SECONDS:938
11.8000011444
11.8000011444
0.0
SECONDS:938
11.8000011444
11.8000011444
0.0
SECONDS:938
11.8000011444
11.8000011444
0.0
SECONDS:938
12.4000015259
12.4000015259
0.0
SECONDS:939
12.4000015259
12.4000015259
0.0
SECONDS:939
12.4000015259
12.4000015259
0.0
SECONDS:939
12.4000015259
12.4000015259
0.0
SECONDS:939
12.4000015259
12.4000015259
0.0
SECONDS:939
12.4000015259
12.4000015259
0.0
SECONDS:939
12.4000015259
12.4000015259
0.0
SECONDS:939
12.4000015259
12.4000015259
0.0
SECONDS:939
13.0000019073
13.0000019073
0.0
SECONDS:940
13.0000019073
13.0000019073
0.0
SECONDS:940
13.0000019073
13.0000019073
0.0
SECONDS:940
13.0000019073
13.0000019073
0.0
SECONDS:940
13.0000019073
13.0000019073
0.0
SECONDS:940
13.0000019073
13.0000019073
0.0
SECONDS:940
13.0000019073
13.0000019073
0.0
SECONDS:940
13.0000019073
13.0000019073
0.0
SECONDS:940
13.6000022888
13.6000022888
0.0
SECONDS:941
13.6000022888
13.6000022888
0.0
SECONDS:941
13.6000022888
13.6000022888
0.0
SECONDS:941
13.6000022888
13.6000022888
0.0
SECONDS:941
13.6000022888
13.6000022888
0.0
SECONDS:941
13.6000022888
13.6000022888
0.0
SECONDS:941
13.6000022888
13.6000022888
0.0
SECONDS:941
13.6000022888
13.6000022888
0.0
SECONDS:941
13.6000022888
13.6000022888
0.0
SECONDS:941
14.2000026703
14.2000026703
0.0
SECONDS:942
14.2000026703
14.2000026703
0.0
SECONDS:942
14.2000026703
14.2000026703
0.0
SECONDS:942
14.2000026703
14.2000026703
0.0
SECONDS:942
14.2000026703
14.2000026703
0.0
SECONDS:942
14.2000026703
14.2000026703
0.0
SECONDS:942
14.2000026703
14.2000026703
0.0
SECONDS:942
14.2000026703
14.2000026703
0.0
SECONDS:942
14.8000030518
14.8000030518
0.0
SECONDS:943
14.8000030518
14.8000030518
0.0
SECONDS:943
14.8000030518
14.8000030518
0.0
SECONDS:943
14.8000030518
14.8000030518
0.0
SECONDS:943
14.8000030518
14.8000030518
0.0
SECONDS:943
14.8000030518
14.8000030518
0.0
SECONDS:943
14.8000030518
14.8000030518
0.0
SECONDS:943
14.8000030518
14.8000030518
0.0
SECONDS:943
15.4000034332
15.4000034332
0.0
SECONDS:944
15.4000034332
15.4000034332
0.0
SECONDS:944
15.4000034332
15.4000034332
0.0
SECONDS:944
15.4000034332
15.4000034332
0.0
SECONDS:944
15.4000034332
15.4000034332
0.0
SECONDS:944
15.4000034332
15.4000034332
0.0
SECONDS:944
15.4000034332
15.4000034332
0.0
SECONDS:944
15.4000034332
15.4000034332
0.0
SECONDS:944
15.4000034332
15.4000034332
0.0
SECONDS:944
16.0000038147
16.0000038147
0.0
SECONDS:945
16.0000038147
16.0000038147
0.0
SECONDS:945
16.0000038147
16.0000038147
0.0
SECONDS:945
16.0000038147
16.0000038147
0.0
SECONDS:945
16.0000038147
16.0000038147
0.0
SECONDS:945
16.0000038147
16.0000038147
0.0
SECONDS:945
16.0000038147
16.0000038147
0.0
SECONDS:945
16.0000038147
16.0000038147
0.0
SECONDS:945
16.6000041962
16.6000041962
0.0
SECONDS:946
16.6000041962
16.6000041962
0.0
SECONDS:946
16.6000041962
16.6000041962
0.0
SECONDS:946
16.6000041962
16.6000041962
0.0
SECONDS:946
16.6000041962
16.6000041962
0.0
SECONDS:946
16.6000041962
16.6000041962
0.0
SECONDS:946
16.6000041962
16.6000041962
0.0
SECONDS:946
16.6000041962
16.6000041962
0.0
SECONDS:946
16.6000041962
16.6000041962
0.0
SECONDS:946
17.2000045776
17.2000045776
0.0
SECONDS:947
17.2000045776
17.2000045776
0.0
SECONDS:947
17.2000045776
17.2000045776
0.0
SECONDS:947
17.2000045776
17.2000045776
0.0
SECONDS:947
17.2000045776
17.2000045776
0.0
SECONDS:947
17.2000045776
17.2000045776
0.0
SECONDS:947
17.2000045776
17.2000045776
0.0
SECONDS:947
17.2000045776
17.2000045776
0.0
SECONDS:947
17.8000049591
17.8000049591
0.0
SECONDS:948
17.8000049591
17.8000049591
0.0
SECONDS:948
17.8000049591
17.8000049591
0.0
SECONDS:948
17.8000049591
17.8000049591
0.0
SECONDS:948
17.8000049591
17.8000049591
0.0
SECONDS:948
17.8000049591
17.8000049591
0.0
SECONDS:948
17.8000049591
17.8000049591
0.0
SECONDS:948
18.4000053406
18.4000053406
0.0
SECONDS:949
18.4000053406
18.4000053406
0.0
SECONDS:949
18.4000053406
18.4000053406
0.0
SECONDS:949
18.4000053406
18.4000053406
0.0
SECONDS:949
18.4000053406
18.4000053406
0.0
SECONDS:949
18.4000053406
18.4000053406
0.0
SECONDS:949
18.4000053406
18.4000053406
0.0
SECONDS:949
18.4000053406
18.4000053406
0.0
SECONDS:949
19.000005722
19.000005722
0.0
SECONDS:950
19.000005722
19.000005722
0.0
SECONDS:950
19.000005722
19.000005722
0.0
SECONDS:950
19.000005722
19.000005722
0.0
SECONDS:950
19.000005722
19.000005722
0.0
SECONDS:950
19.000005722
19.000005722
0.0
SECONDS:950
19.000005722
19.000005722
0.0
SECONDS:950
19.000005722
19.000005722
0.0
SECONDS:950
19.6000061035
19.6000061035
0.0
SECONDS:951
19.6000061035
19.6000061035
0.0
SECONDS:951
19.6000061035
19.6000061035
0.0
SECONDS:951
19.6000061035
19.6000061035
0.0
SECONDS:951
19.6000061035
19.6000061035
0.0
SECONDS:951
19.6000061035
19.6000061035
0.0
SECONDS:951
19.6000061035
19.6000061035
0.0
SECONDS:951
19.6000061035
19.6000061035
0.0
SECONDS:951
20.200006485
20.200006485
0.0
SECONDS:952
20.200006485
20.200006485
0.0
SECONDS:952
20.200006485
20.200006485
0.0
SECONDS:952
20.200006485
20.200006485
0.0
SECONDS:952
20.200006485
20.200006485
0.0
SECONDS:952
20.200006485
20.200006485
0.0
SECONDS:952
20.200006485
20.200006485
0.0
SECONDS:952
20.200006485
20.200006485
0.0
SECONDS:953
20.200006485
20.200006485
0.0
SECONDS:953
20.200006485
20.200006485
0.0
SECONDS:953
20.200006485
20.200006485
0.0
SECONDS:953
20.200006485
20.200006485
0.0
SECONDS:953
20.200006485
20.200006485
0.0
SECONDS:953
20.200006485
20.200006485
0.0
SECONDS:953
20.200006485
20.200006485
0.0
SECONDS:953
20.200006485
20.200006485
0.0
SECONDS:953
20.200006485
20.200006485
0.0
SECONDS:954
20.200006485
20.200006485
0.0
SECONDS:954
20.200006485
20.200006485
0.0
SECONDS:954
20.200006485
20.200006485
0.0
SECONDS:954
20.200006485
20.200006485
0.0
SECONDS:954
20.200006485
20.200006485
0.0
SECONDS:954
20.200006485
20.200006485
0.0
SECONDS:954
20.200006485
20.200006485
0.0
SECONDS:954
20.200006485
20.200006485
0.0
SECONDS:955
20.200006485
20.200006485
0.0
SECONDS:955
20.200006485
20.200006485
0.0
SECONDS:955
20.200006485
20.200006485
0.0
SECONDS:955
20.200006485
20.200006485
0.0
SECONDS:955
20.200006485
20.200006485
0.0
SECONDS:955
20.200006485
20.200006485
0.0
SECONDS:955
20.200006485
20.200006485
0.0
SECONDS:956
20.200006485
20.200006485
0.0
SECONDS:956
20.200006485
20.200006485
0.0
SECONDS:956
20.200006485
20.200006485
0.0
SECONDS:956
20.200006485
20.200006485
0.0
SECONDS:956
20.200006485
20.200006485
0.0
SECONDS:956
20.200006485
20.200006485
0.0
SECONDS:956
20.200006485
20.200006485
0.0
SECONDS:956
20.200006485
20.200006485
0.0
SECONDS:957
20.200006485
20.200006485
0.0
SECONDS:957
20.200006485
20.200006485
0.0
SECONDS:957
20.200006485
20.200006485
0.0
SECONDS:957
20.200006485
20.200006485
0.0
SECONDS:957
20.200006485
20.200006485
0.0
SECONDS:957
20.200006485
20.200006485
0.0
SECONDS:957
20.200006485
20.200006485
0.0
SECONDS:957
20.200006485
20.200006485
0.0
SECONDS:958
20.200006485
20.200006485
0.0
SECONDS:958
20.200006485
20.200006485
0.0
SECONDS:958
20.200006485
20.200006485
0.0
SECONDS:958
20.200006485
20.200006485
0.0
SECONDS:958
20.200006485
20.200006485
0.0
SECONDS:958
20.200006485
20.200006485
0.0
SECONDS:958
20.200006485
20.200006485
0.0
SECONDS:959
20.200006485
20.200006485
0.0
SECONDS:959
20.200006485
20.200006485
0.0
SECONDS:959
20.200006485
20.200006485
0.0
SECONDS:959
20.200006485
20.200006485
0.0
SECONDS:959
20.200006485
20.200006485
0.0
SECONDS:959
20.200006485
20.200006485
0.0
SECONDS:959
20.200006485
20.200006485
0.0
SECONDS:959
20.200006485
20.200006485
0.0
SECONDS:959
20.200006485
20.200006485
0.0
SECONDS:100
20.200006485
20.200006485
0.0
SECONDS:100
20.200006485
20.200006485
0.0
SECONDS:100
20.200006485
20.200006485
0.0
SECONDS:100
20.200006485
20.200006485
0.0
SECONDS:100
20.200006485
20.200006485
0.0
SECONDS:100
20.200006485
20.200006485
0.0
SECONDS:100
20.200006485
20.200006485
0.0
SECONDS:100
20.200006485
20.200006485
0.0
SECONDS:101
20.200006485
20.200006485
0.0
SECONDS:101
20.200006485
20.200006485
0.0
SECONDS:101
20.200006485
20.200006485
0.0
SECONDS:101
20.200006485
20.200006485
0.0
SECONDS:101
20.200006485
20.200006485
0.0
SECONDS:101
20.200006485
20.200006485
0.0
SECONDS:101
20.200006485
20.200006485
0.0
SECONDS:101
20.200006485
20.200006485
0.0
SECONDS:102
20.200006485
20.200006485
0.0
SECONDS:102
20.200006485
20.200006485
0.0
SECONDS:102
20.200006485
20.200006485
0.0
SECONDS:102
20.200006485
20.200006485
0.0
SECONDS:102
20.200006485
20.200006485
0.0
SECONDS:102
20.200006485
20.200006485
0.0
SECONDS:102
20.200006485
20.200006485
0.0
SECONDS:102
20.200006485
20.200006485
0.0
SECONDS:102
20.200006485
20.200006485
0.0
SECONDS:103
20.200006485
20.200006485
0.0
SECONDS:103
20.200006485
20.200006485
0.0
SECONDS:103
20.200006485
20.200006485
0.0
SECONDS:103
20.200006485
20.200006485
0.0
SECONDS:103
20.200006485
20.200006485
0.0
SECONDS:103
20.200006485
20.200006485
0.0
SECONDS:103
20.200006485
20.200006485
0.0
SECONDS:103
20.200006485
20.200006485
0.0
SECONDS:103
20.200006485
20.200006485
0.0
SECONDS:104
20.200006485
20.200006485
0.0
SECONDS:104
20.200006485
20.200006485
0.0
SECONDS:104
20.200006485
20.200006485
0.0
SECONDS:104
20.200006485
20.200006485
0.0
SECONDS:104
20.200006485
20.200006485
0.0
SECONDS:104
20.200006485
20.200006485
0.0
SECONDS:104
20.200006485
20.200006485
0.0
SECONDS:104
20.200006485
20.200006485
0.0
SECONDS:104
20.200006485
20.200006485
0.0
SECONDS:105
20.200006485
20.200006485
0.0
SECONDS:105
20.200006485
20.200006485
0.0
SECONDS:105
20.200006485
20.200006485
0.0
SECONDS:105
20.200006485
20.200006485
0.0
SECONDS:105
20.200006485
20.200006485
0.0
SECONDS:105
20.200006485
20.200006485
0.0
SECONDS:105
20.200006485
20.200006485
0.0
SECONDS:105
20.200006485
20.200006485
0.0
SECONDS:106
20.200006485
20.200006485
0.0
SECONDS:106
20.200006485
20.200006485
0.0
SECONDS:106
20.200006485
20.200006485
0.0
SECONDS:106
20.200006485
20.200006485
0.0
SECONDS:106
20.200006485
20.200006485
0.0
SECONDS:106
20.200006485
20.200006485
0.0
SECONDS:106
20.200006485
20.200006485
0.0
SECONDS:106
20.200006485
20.200006485
0.0
SECONDS:107
20.200006485
20.200006485
0.0
SECONDS:107
20.200006485
20.200006485
0.0
SECONDS:107
20.200006485
20.200006485
0.0
SECONDS:107
20.200006485
20.200006485
0.0
SECONDS:107
20.200006485
20.200006485
0.0
SECONDS:107
20.200006485
20.200006485
0.0
SECONDS:107
20.200006485
20.200006485
0.0
SECONDS:107
20.200006485
20.200006485
0.0
SECONDS:107
20.200006485
20.200006485
0.0
SECONDS:108
20.200006485
20.200006485
0.0
SECONDS:108
20.200006485
20.200006485
0.0
SECONDS:108
20.200006485
20.200006485
0.0
SECONDS:108
20.200006485
20.200006485
0.0
SECONDS:108
20.200006485
20.200006485
0.0
SECONDS:108
20.200006485
20.200006485
0.0
SECONDS:108
20.200006485
20.200006485
0.0
SECONDS:108
20.200006485
20.200006485
0.0
SECONDS:109
20.200006485
20.200006485
0.0
SECONDS:109
20.200006485
20.200006485
0.0
SECONDS:109
20.200006485
20.200006485
0.0
SECONDS:109
20.200006485
20.200006485
0.0
SECONDS:109
20.200006485
20.200006485
0.0
SECONDS:109
20.200006485
20.200006485
0.0
SECONDS:109
20.200006485
20.200006485
0.0
SECONDS:1010
20.200006485
20.200006485
0.0
SECONDS:1010
20.200006485
20.200006485
0.0
SECONDS:1010
20.200006485
20.200006485
0.0
SECONDS:1010
20.200006485
20.200006485
0.0
SECONDS:1010
20.200006485
20.200006485
0.0
SECONDS:1010
20.200006485
20.200006485
0.0
SECONDS:1010
20.200006485
20.200006485
0.0
SECONDS:1010
20.200006485
20.200006485
0.0
SECONDS:1011
20.200006485
20.200006485
0.0
SECONDS:1011
20.200006485
20.200006485
0.0
SECONDS:1011
20.200006485
20.200006485
0.0
SECONDS:1011
20.200006485
20.200006485
0.0
SECONDS:1011
20.200006485
20.200006485
0.0
SECONDS:1011
20.200006485
20.200006485
0.0
SECONDS:1011
20.200006485
20.200006485
0.0
SECONDS:1011
20.200006485
20.200006485
0.0
SECONDS:1012
20.200006485
20.200006485
0.0
SECONDS:1012
20.200006485
20.200006485
0.0
SECONDS:1012
20.200006485
20.200006485
0.0
SECONDS:1012
20.200006485
20.200006485
0.0
SECONDS:1012
20.200006485
20.200006485
0.0
SECONDS:1012
20.200006485
20.200006485
0.0
SECONDS:1012
20.200006485
20.200006485
0.0
SECONDS:1012
20.200006485
20.200006485
0.0
SECONDS:1013
20.200006485
20.200006485
0.0
SECONDS:1013
20.200006485
20.200006485
0.0
SECONDS:1013
20.200006485
20.200006485
0.0
SECONDS:1013
20.200006485
20.200006485
0.0
SECONDS:1013
20.200006485
20.200006485
0.0
SECONDS:1013
20.200006485
20.200006485
0.0
SECONDS:1013
20.200006485
20.200006485
0.0
SECONDS:1013
20.200006485
20.200006485
0.0
SECONDS:1013
20.200006485
20.200006485
0.0
SECONDS:1014
20.200006485
20.200006485
0.0
SECONDS:1014
20.200006485
20.200006485
0.0
SECONDS:1014
20.200006485
20.200006485
0.0
SECONDS:1014
20.200006485
20.200006485
0.0
SECONDS:1014
20.200006485
20.200006485
0.0
SECONDS:1014
20.200006485
20.200006485
0.0
SECONDS:1014
20.200006485
20.200006485
0.0
SECONDS:1014
20.200006485
20.200006485
0.0
SECONDS:1015
20.200006485
20.200006485
0.0
SECONDS:1015
20.200006485
20.200006485
0.0
SECONDS:1015
20.200006485
20.200006485
0.0
SECONDS:1015
20.200006485
20.200006485
0.0
SECONDS:1015
20.200006485
20.200006485
0.0
SECONDS:1015
20.200006485
20.200006485
0.0
SECONDS:1015
20.200006485
20.200006485
0.0
SECONDS:1016
20.200006485
20.200006485
0.0
SECONDS:1016
20.200006485
20.200006485
0.0
SECONDS:1016
20.200006485
20.200006485
0.0
SECONDS:1016
20.200006485
20.200006485
0.0
SECONDS:1016
20.200006485
20.200006485
0.0
SECONDS:1016
20.200006485
20.200006485
0.0
SECONDS:1016
20.200006485
20.200006485
0.0
SECONDS:1016
20.200006485
20.200006485
0.0
SECONDS:1017
20.200006485
20.200006485
0.0
SECONDS:1017
20.200006485
20.200006485
0.0
SECONDS:1017
20.200006485
20.200006485
0.0
SECONDS:1017
20.200006485
20.200006485
0.0
SECONDS:1017
20.200006485
20.200006485
0.0
SECONDS:1017
20.200006485
20.200006485
0.0
SECONDS:1017
20.200006485
20.200006485
0.0
SECONDS:1018
20.200006485
20.200006485
0.0
SECONDS:1018
20.200006485
20.200006485
0.0
SECONDS:1018
20.200006485
20.200006485
0.0
SECONDS:1018
20.200006485
20.200006485
0.0
SECONDS:1018
20.200006485
20.200006485
0.0
SECONDS:1018
20.200006485
20.200006485
0.0
SECONDS:1018
20.200006485
20.200006485
0.0
SECONDS:1018
20.200006485
20.200006485
0.0
SECONDS:1019
20.200006485
20.200006485
0.0
SECONDS:1019
20.200006485
20.200006485
0.0
SECONDS:1019
20.200006485
20.200006485
0.0
SECONDS:1019
20.200006485
20.200006485
0.0
SECONDS:1019
20.200006485
20.200006485
0.0
SECONDS:1019
20.200006485
20.200006485
0.0
SECONDS:1019
20.200006485
20.200006485
0.0
SECONDS:1019
20.200006485
20.200006485
0.0
SECONDS:1020
20.200006485
20.200006485
0.0
SECONDS:1020
20.200006485
20.200006485
0.0
SECONDS:1020
20.200006485
20.200006485
0.0
SECONDS:1020
20.200006485
20.200006485
0.0
SECONDS:1020
20.200006485
20.200006485
0.0
SECONDS:1020
20.200006485
20.200006485
0.0
SECONDS:1020
20.200006485
20.200006485
0.0
SECONDS:1020
20.200006485
20.200006485
0.0
SECONDS:1020
20.200006485
20.200006485
0.0
SECONDS:1021
20.200006485
20.200006485
0.0
SECONDS:1021
20.200006485
20.200006485
0.0
SECONDS:1021
20.200006485
20.200006485
0.0
SECONDS:1021
20.200006485
20.200006485
0.0
SECONDS:1021
20.200006485
20.200006485
0.0
SECONDS:1021
20.200006485
20.200006485
0.0
SECONDS:1021
20.200006485
20.200006485
0.0
SECONDS:1022
20.200006485
20.200006485
0.0
SECONDS:1022
20.200006485
20.200006485
0.0
SECONDS:1022
20.200006485
20.200006485
0.0
SECONDS:1022
20.200006485
20.200006485
0.0
SECONDS:1022
20.200006485
20.200006485
0.0
SECONDS:1022
20.200006485
20.200006485
0.0
SECONDS:1022
20.200006485
20.200006485
0.0
SECONDS:1022
20.200006485
20.200006485
0.0
SECONDS:1023
20.200006485
20.200006485
0.0
SECONDS:1023
20.200006485
20.200006485
0.0
SECONDS:1023
20.200006485
20.200006485
0.0
SECONDS:1023
20.200006485
20.200006485
0.0
SECONDS:1023
20.200006485
20.200006485
0.0
SECONDS:1023
20.200006485
20.200006485
0.0
SECONDS:1023
20.200006485
20.200006485
0.0
SECONDS:1023
20.200006485
20.200006485
0.0
SECONDS:1023
20.200006485
20.200006485
0.0
SECONDS:1024
20.200006485
20.200006485
0.0
SECONDS:1024
20.200006485
20.200006485
0.0
SECONDS:1024
20.200006485
20.200006485
0.0
SECONDS:1024
20.200006485
20.200006485
0.0
SECONDS:1024
20.200006485
20.200006485
0.0
SECONDS:1024
20.200006485
20.200006485
0.0
SECONDS:1024
20.200006485
20.200006485
0.0
SECONDS:1025
20.200006485
20.200006485
0.0
SECONDS:1025
20.200006485
20.200006485
0.0
SECONDS:1025
20.200006485
20.200006485
0.0
SECONDS:1025
20.200006485
20.200006485
0.0
SECONDS:1025
20.200006485
20.200006485
0.0
SECONDS:1025
20.200006485
20.200006485
0.0
SECONDS:1025
20.200006485
20.200006485
0.0
SECONDS:1025
20.200006485
20.200006485
0.0
SECONDS:1026
20.200006485
20.200006485
0.0
SECONDS:1026
20.200006485
20.200006485
0.0
SECONDS:1026
20.200006485
20.200006485
0.0
SECONDS:1026
20.200006485
20.200006485
0.0
SECONDS:1026
20.200006485
20.200006485
0.0
SECONDS:1026
20.200006485
20.200006485
0.0
SECONDS:1026
20.200006485
20.200006485
0.0
SECONDS:1026
20.200006485
20.200006485
0.0
SECONDS:1027
20.200006485
20.200006485
0.0
SECONDS:1027
20.200006485
20.200006485
0.0
SECONDS:1027
20.200006485
20.200006485
0.0
SECONDS:1027
20.200006485
20.200006485
0.0
SECONDS:1027
20.200006485
20.200006485
0.0
SECONDS:1027
20.200006485
20.200006485
0.0
SECONDS:1027
20.200006485
20.200006485
0.0
SECONDS:1027
20.200006485
20.200006485
0.0
SECONDS:1028
20.200006485
20.200006485
0.0
SECONDS:1028
20.200006485
20.200006485
0.0
SECONDS:1028
20.200006485
20.200006485
0.0
SECONDS:1028
20.200006485
20.200006485
0.0
SECONDS:1028
20.200006485
20.200006485
0.0
SECONDS:1028
20.200006485
20.200006485
0.0
SECONDS:1028
20.200006485
20.200006485
0.0
SECONDS:1028
20.200006485
20.200006485
0.0
SECONDS:1029
20.200006485
20.200006485
0.0
SECONDS:1029
20.200006485
20.200006485
0.0
SECONDS:1029
20.200006485
20.200006485
0.0
SECONDS:1029
20.200006485
20.200006485
0.0
SECONDS:1029
20.200006485
20.200006485
0.0
SECONDS:1029
20.200006485
20.200006485
0.0
SECONDS:1029
20.200006485
20.200006485
0.0
SECONDS:1029
20.200006485
20.200006485
0.0
SECONDS:1029
20.200006485
20.200006485
0.0
SECONDS:1030
20.200006485
20.200006485
0.0
SECONDS:1030
20.200006485
20.200006485
0.0
SECONDS:1030
20.200006485
20.200006485
0.0
SECONDS:1030
20.200006485
20.200006485
0.0
SECONDS:1030
20.200006485
20.200006485
0.0
SECONDS:1030
20.200006485
20.200006485
0.0
SECONDS:1030
20.200006485
20.200006485
0.0
SECONDS:1030
20.200006485
20.200006485
0.0
SECONDS:1030
20.200006485
20.200006485
0.0
SECONDS:1031
20.200006485
20.200006485
0.0
SECONDS:1031
20.200006485
20.200006485
0.0
SECONDS:1031
20.200006485
20.200006485
0.0
SECONDS:1031
20.200006485
20.200006485
0.0
SECONDS:1031
20.200006485
20.200006485
0.0
SECONDS:1031
20.200006485
20.200006485
0.0
SECONDS:1031
20.200006485
20.200006485
0.0
SECONDS:1031
20.200006485
20.200006485
0.0
SECONDS:1032
20.200006485
20.200006485
0.0
SECONDS:1032
20.200006485
20.200006485
0.0
SECONDS:1032
20.200006485
20.200006485
0.0
SECONDS:1032
20.200006485
20.200006485
0.0
SECONDS:1032
20.200006485
20.200006485
0.0
SECONDS:1032
20.200006485
20.200006485
0.0
SECONDS:1032
20.200006485
20.200006485
0.0
SECONDS:1032
20.200006485
20.200006485
0.0
SECONDS:1033
20.200006485
20.200006485
0.0
SECONDS:1033
20.200006485
20.200006485
0.0
SECONDS:1033
20.200006485
20.200006485
0.0
SECONDS:1033
20.200006485
20.200006485
0.0
SECONDS:1033
20.200006485
20.200006485
0.0
SECONDS:1033
20.200006485
20.200006485
0.0
SECONDS:1033
20.200006485
20.200006485
0.0
SECONDS:1033
20.200006485
20.200006485
0.0
SECONDS:1033
20.200006485
20.200006485
0.0
SECONDS:1034
20.200006485
20.200006485
0.0
SECONDS:1034
20.200006485
20.200006485
0.0
SECONDS:1034
20.200006485
20.200006485
0.0
SECONDS:1034
20.200006485
20.200006485
0.0
SECONDS:1034
20.200006485
20.200006485
0.0
SECONDS:1034
20.200006485
20.200006485
0.0
SECONDS:1034
20.200006485
20.200006485
0.0
SECONDS:1035
20.200006485
20.200006485
0.0
SECONDS:1035
20.200006485
20.200006485
0.0
SECONDS:1035
20.200006485
20.200006485
0.0
SECONDS:1035
20.200006485
20.200006485
0.0
SECONDS:1035
20.200006485
20.200006485
0.0
SECONDS:1035
20.200006485
20.200006485
0.0
SECONDS:1035
20.200006485
20.200006485
0.0
SECONDS:1035
20.200006485
20.200006485
0.0
SECONDS:1036
20.200006485
20.200006485
0.0
SECONDS:1036
20.200006485
20.200006485
0.0
SECONDS:1036
20.200006485
20.200006485
0.0
SECONDS:1036
20.200006485
20.200006485
0.0
SECONDS:1036
20.200006485
20.200006485
0.0
SECONDS:1036
20.200006485
20.200006485
0.0
SECONDS:1036
20.200006485
20.200006485
0.0
SECONDS:1037
20.200006485
20.200006485
0.0
SECONDS:1037
20.200006485
20.200006485
0.0
SECONDS:1037
20.200006485
20.200006485
0.0
SECONDS:1037
20.200006485
20.200006485
0.0
SECONDS:1037
20.200006485
20.200006485
0.0
SECONDS:1037
20.200006485
20.200006485
0.0
SECONDS:1037
20.200006485
20.200006485
0.0
SECONDS:1037
20.200006485
20.200006485
0.0
SECONDS:1038
20.200006485
20.200006485
0.0
SECONDS:1038
20.200006485
20.200006485
0.0
SECONDS:1038
20.200006485
20.200006485
0.0
SECONDS:1038
20.200006485
20.200006485
0.0
SECONDS:1038
20.200006485
20.200006485
0.0
SECONDS:1038
20.200006485
20.200006485
0.0
SECONDS:1038
20.200006485
20.200006485
0.0
SECONDS:1038
20.200006485
20.200006485
0.0
SECONDS:1039
20.200006485
20.200006485
0.0
SECONDS:1039
20.200006485
20.200006485
0.0
SECONDS:1039
20.200006485
20.200006485
0.0
SECONDS:1039
20.200006485
20.200006485
0.0
SECONDS:1039
20.200006485
20.200006485
0.0
SECONDS:1039
20.200006485
20.200006485
0.0
SECONDS:1039
20.200006485
20.200006485
0.0
SECONDS:1039
20.200006485
20.200006485
0.0
SECONDS:1040
20.200006485
20.200006485
0.0
SECONDS:1040
20.200006485
20.200006485
0.0
SECONDS:1040
20.200006485
20.200006485
0.0
SECONDS:1040
20.200006485
20.200006485
0.0
SECONDS:1040
20.200006485
20.200006485
0.0
SECONDS:1040
20.200006485
20.200006485
0.0
SECONDS:1040
20.200006485
20.200006485
0.0
SECONDS:1041
20.200006485
20.200006485
0.0
SECONDS:1041
20.200006485
20.200006485
0.0
SECONDS:1041
20.200006485
20.200006485
0.0
SECONDS:1041
20.200006485
20.200006485
0.0
SECONDS:1041
20.200006485
20.200006485
0.0
SECONDS:1041
20.200006485
20.200006485
0.0
SECONDS:1041
20.200006485
20.200006485
0.0
SECONDS:1041
20.200006485
20.200006485
0.0
SECONDS:1041
20.200006485
20.200006485
0.0
SECONDS:1042
20.200006485
20.200006485
0.0
SECONDS:1042
20.200006485
20.200006485
0.0
SECONDS:1042
20.200006485
20.200006485
0.0
SECONDS:1042
20.200006485
20.200006485
0.0
SECONDS:1042
20.200006485
20.200006485
0.0
SECONDS:1042
20.200006485
20.200006485
0.0
SECONDS:1042
20.200006485
20.200006485
0.0
SECONDS:1042
20.200006485
20.200006485
0.0
SECONDS:1043
20.200006485
20.200006485
0.0
SECONDS:1043
20.200006485
20.200006485
0.0
SECONDS:1043
20.200006485
20.200006485
0.0
SECONDS:1043
20.200006485
20.200006485
0.0
SECONDS:1043
20.200006485
20.200006485
0.0
SECONDS:1043
20.200006485
20.200006485
0.0
SECONDS:1043
20.200006485
20.200006485
0.0
SECONDS:1043
20.200006485
20.200006485
0.0
SECONDS:1044
20.200006485
20.200006485
0.0
SECONDS:1044
20.200006485
20.200006485
0.0
SECONDS:1044
20.200006485
20.200006485
0.0
SECONDS:1044
20.200006485
20.200006485
0.0
SECONDS:1044
20.200006485
20.200006485
0.0
SECONDS:1044
20.200006485
20.200006485
0.0
SECONDS:1044
20.200006485
20.200006485
0.0
SECONDS:1044
20.200006485
20.200006485
0.0
SECONDS:1045
20.200006485
20.200006485
0.0
SECONDS:1045
20.200006485
20.200006485
0.0
SECONDS:1045
20.200006485
20.200006485
0.0
SECONDS:1045
20.200006485
20.200006485
0.0
SECONDS:1045
20.200006485
20.200006485
0.0
SECONDS:1045
20.200006485
20.200006485
0.0
SECONDS:1045
20.200006485
20.200006485
0.0
SECONDS:1045
20.200006485
20.200006485
0.0
SECONDS:1045
20.200006485
20.200006485
0.0
SECONDS:1046
20.200006485
20.200006485
0.0
SECONDS:1046
20.200006485
20.200006485
0.0
SECONDS:1046
20.200006485
20.200006485
0.0
SECONDS:1046
20.200006485
20.200006485
0.0
SECONDS:1046
20.200006485
20.200006485
0.0
SECONDS:1046
20.200006485
20.200006485
0.0
SECONDS:1046
20.200006485
20.200006485
0.0
SECONDS:1046
20.200006485
20.200006485
0.0
SECONDS:1047
20.200006485
20.200006485
0.0
SECONDS:1047
20.200006485
20.200006485
0.0
SECONDS:1047
20.200006485
20.200006485
0.0
SECONDS:1047
20.200006485
20.200006485
0.0
SECONDS:1047
20.200006485
20.200006485
0.0
SECONDS:1047
20.200006485
20.200006485
0.0
SECONDS:1047
20.200006485
20.200006485
0.0
SECONDS:1047
20.200006485
20.200006485
0.0
SECONDS:1048
20.200006485
20.200006485
0.0
SECONDS:1048
20.200006485
20.200006485
0.0
SECONDS:1048
20.200006485
20.200006485
0.0
SECONDS:1048
20.200006485
20.200006485
0.0
SECONDS:1048
20.200006485
20.200006485
0.0
SECONDS:1048
20.200006485
20.200006485
0.0
SECONDS:1048
20.200006485
20.200006485
0.0
SECONDS:1048
20.200006485
20.200006485
0.0
SECONDS:1048
20.200006485
20.200006485
0.0
SECONDS:1049
20.200006485
20.200006485
0.0
SECONDS:1049
20.200006485
20.200006485
0.0
SECONDS:1049
20.200006485
20.200006485
0.0
SECONDS:1049
20.200006485
20.200006485
0.0
SECONDS:1049
20.200006485
20.200006485
0.0
SECONDS:1049
20.200006485
20.200006485
0.0
SECONDS:1050
20.200006485
20.200006485
0.0
SECONDS:1050
20.200006485
20.200006485
0.0
SECONDS:1050
20.200006485
20.200006485
0.0
SECONDS:1050
20.200006485
20.200006485
0.0
SECONDS:1050
20.200006485
20.200006485
0.0
SECONDS:1050
20.200006485
20.200006485
0.0
SECONDS:1050
20.200006485
20.200006485
0.0
SECONDS:1050
20.200006485
20.200006485
0.0
SECONDS:1050
20.200006485
20.200006485
0.0
SECONDS:1051
20.200006485
20.200006485
0.0
SECONDS:1051
20.200006485
20.200006485
0.0
SECONDS:1051
20.200006485
20.200006485
0.0
SECONDS:1051
20.200006485
20.200006485
0.0
SECONDS:1051
20.200006485
20.200006485
0.0
SECONDS:1051
20.200006485
20.200006485
0.0
SECONDS:1051
20.200006485
20.200006485
0.0
SECONDS:1051
20.200006485
20.200006485
0.0
SECONDS:1051
20.200006485
20.200006485
0.0
SECONDS:1052
20.200006485
20.200006485
0.0
SECONDS:1052
20.200006485
20.200006485
0.0
SECONDS:1052
20.200006485
20.200006485
0.0
SECONDS:1052
20.200006485
20.200006485
0.0
SECONDS:1052
20.200006485
20.200006485
0.0
SECONDS:1052
20.200006485
20.200006485
0.0
SECONDS:1052
20.200006485
20.200006485
0.0
SECONDS:1052
20.200006485
20.200006485
0.0
SECONDS:1053
20.200006485
20.200006485
0.0
SECONDS:1053
20.200006485
20.200006485
0.0
SECONDS:1053
20.200006485
20.200006485
0.0
SECONDS:1053
20.200006485
20.200006485
0.0
SECONDS:1053
20.200006485
20.200006485
0.0
SECONDS:1053
20.200006485
20.200006485
0.0
SECONDS:1053
20.200006485
20.200006485
0.0
SECONDS:1053
20.200006485
20.200006485
0.0
SECONDS:1054
20.200006485
20.200006485
0.0
SECONDS:1054
20.200006485
20.200006485
0.0
SECONDS:1054
20.200006485
20.200006485
0.0
SECONDS:1054
20.200006485
20.200006485
0.0
SECONDS:1054
20.200006485
20.200006485
0.0
SECONDS:1054
20.200006485
20.200006485
0.0
SECONDS:1054
20.200006485
20.200006485
0.0
SECONDS:1055
20.200006485
20.200006485
0.0
SECONDS:1055
20.200006485
20.200006485
0.0
SECONDS:1055
20.200006485
20.200006485
0.0
SECONDS:1055
20.200006485
20.200006485
0.0
SECONDS:1055
20.200006485
20.200006485
0.0
SECONDS:1055
20.200006485
20.200006485
0.0
SECONDS:1055
20.200006485
20.200006485
0.0
SECONDS:1055
20.200006485
20.200006485
0.0
SECONDS:1055
20.200006485
20.200006485
0.0
SECONDS:1056
20.200006485
20.200006485
0.0
SECONDS:1056
20.200006485
20.200006485
0.0
SECONDS:1056
20.200006485
20.200006485
0.0
SECONDS:1056
20.200006485
20.200006485
0.0
SECONDS:1056
20.200006485
20.200006485
0.0
SECONDS:1056
20.200006485
20.200006485
0.0
SECONDS:1056
20.200006485
20.200006485
0.0
SECONDS:1056
20.200006485
20.200006485
0.0
SECONDS:1057
20.200006485
20.200006485
0.0
SECONDS:1057
20.200006485
20.200006485
0.0
SECONDS:1057
20.200006485
20.200006485
0.0
SECONDS:1057
20.200006485
20.200006485
0.0
SECONDS:1057
20.200006485
20.200006485
0.0
SECONDS:1057
20.200006485
20.200006485
0.0
SECONDS:1057
20.200006485
20.200006485
0.0
SECONDS:1057
20.200006485
20.200006485
0.0
SECONDS:1058
20.200006485
20.200006485
0.0
SECONDS:1058
20.200006485
20.200006485
0.0
SECONDS:1058
20.200006485
20.200006485
0.0
SECONDS:1058
20.200006485
20.200006485
0.0
SECONDS:1058
20.200006485
20.200006485
0.0
SECONDS:1058
20.200006485
20.200006485
0.0
SECONDS:1058
20.200006485
20.200006485
0.0
SECONDS:1058
20.200006485
20.200006485
0.0
SECONDS:1058
20.200006485
20.200006485
0.0
SECONDS:1059
20.200006485
20.200006485
0.0
SECONDS:1059
20.200006485
20.200006485
0.0
SECONDS:1059
20.200006485
20.200006485
0.0
SECONDS:1059
20.200006485
20.200006485
0.0
SECONDS:1059
20.200006485
20.200006485
0.0
SECONDS:1059
20.200006485
20.200006485
0.0
SECONDS:1059
20.200006485
20.200006485
0.0
SECONDS:1059
20.200006485
20.200006485
0.0
SECONDS:110
20.200006485
20.200006485
0.0
SECONDS:110
20.200006485
20.200006485
0.0
SECONDS:110
20.200006485
20.200006485
0.0
SECONDS:110
20.200006485
20.200006485
0.0
SECONDS:110
20.200006485
20.200006485
0.0
SECONDS:110
20.200006485
20.200006485
0.0
SECONDS:110
20.200006485
20.200006485
0.0
SECONDS:110
20.200006485
20.200006485
0.0
SECONDS:111
20.200006485
20.200006485
0.0
SECONDS:111
20.200006485
20.200006485
0.0
SECONDS:111
20.200006485
20.200006485
0.0
SECONDS:111
20.200006485
20.200006485
0.0
SECONDS:111
20.200006485
20.200006485
0.0
SECONDS:111
20.200006485
20.200006485
0.0
SECONDS:111
20.200006485
20.200006485
0.0
SECONDS:111
20.200006485
20.200006485
0.0
SECONDS:111
20.200006485
20.200006485
0.0
SECONDS:112
20.200006485
20.200006485
0.0
SECONDS:112
20.200006485
20.200006485
0.0
SECONDS:112
20.200006485
20.200006485
0.0
SECONDS:112
20.200006485
20.200006485
0.0
SECONDS:112
20.200006485
20.200006485
0.0
SECONDS:112
20.200006485
20.200006485
0.0
SECONDS:112
20.200006485
20.200006485
0.0
SECONDS:112
20.200006485
20.200006485
0.0
SECONDS:113
20.200006485
20.200006485
0.0
SECONDS:113
20.200006485
20.200006485
0.0
SECONDS:113
20.200006485
20.200006485
0.0
SECONDS:113
20.200006485
20.200006485
0.0
SECONDS:113
20.200006485
20.200006485
0.0
SECONDS:113
20.200006485
20.200006485
0.0
SECONDS:113
20.200006485
20.200006485
0.0
SECONDS:114
20.200006485
20.200006485
0.0
SECONDS:114
20.200006485
20.200006485
0.0
SECONDS:114
20.200006485
20.200006485
0.0
SECONDS:114
20.200006485
20.200006485
0.0
SECONDS:114
20.200006485
20.200006485
0.0
SECONDS:114
20.200006485
20.200006485
0.0
SECONDS:114
20.200006485
20.200006485
0.0
SECONDS:114
20.200006485
20.200006485
0.0
SECONDS:115
20.200006485
20.200006485
0.0
SECONDS:115
20.200006485
20.200006485
0.0
SECONDS:115
20.200006485
20.200006485
0.0
SECONDS:115
20.200006485
20.200006485
0.0
SECONDS:115
20.200006485
20.200006485
0.0
SECONDS:115
20.200006485
20.200006485
0.0
SECONDS:115
20.200006485
20.200006485
0.0
SECONDS:116
20.200006485
20.200006485
0.0
SECONDS:116
20.200006485
20.200006485
0.0
SECONDS:116
20.200006485
20.200006485
0.0
SECONDS:116
20.200006485
20.200006485
0.0
SECONDS:116
20.200006485
20.200006485
0.0
SECONDS:116
20.200006485
20.200006485
0.0
SECONDS:116
20.200006485
20.200006485
0.0
SECONDS:116
20.200006485
20.200006485
0.0
SECONDS:116
20.200006485
20.200006485
0.0
SECONDS:117
20.200006485
20.200006485
0.0
SECONDS:117
20.200006485
20.200006485
0.0
SECONDS:117
20.200006485
20.200006485
0.0
SECONDS:117
20.200006485
20.200006485
0.0
SECONDS:117
20.200006485
20.200006485
0.0
SECONDS:117
20.200006485
20.200006485
0.0
SECONDS:117
20.200006485
20.200006485
0.0
SECONDS:118
20.200006485
20.200006485
0.0
SECONDS:118
20.200006485
20.200006485
0.0
SECONDS:118
20.200006485
20.200006485
0.0
SECONDS:118
20.200006485
20.200006485
0.0
SECONDS:118
20.200006485
20.200006485
0.0
SECONDS:118
20.200006485
20.200006485
0.0
SECONDS:118
20.200006485
20.200006485
0.0
SECONDS:118
20.200006485
20.200006485
0.0
SECONDS:119
20.200006485
20.200006485
0.0
SECONDS:119
20.200006485
20.200006485
0.0
SECONDS:119
20.200006485
20.200006485
0.0
SECONDS:119
20.200006485
20.200006485
0.0
SECONDS:119
20.200006485
20.200006485
0.0
SECONDS:119
20.200006485
20.200006485
0.0
SECONDS:119
20.200006485
20.200006485
0.0
SECONDS:119
20.200006485
20.200006485
0.0
SECONDS:1110
20.200006485
20.200006485
0.0
SECONDS:1110
20.200006485
20.200006485
0.0
SECONDS:1110
20.200006485
20.200006485
0.0
SECONDS:1110
20.200006485
20.200006485
0.0
SECONDS:1110
20.200006485
20.200006485
0.0
SECONDS:1110
20.200006485
20.200006485
0.0
SECONDS:1110
20.200006485
20.200006485
0.0
SECONDS:1110
20.200006485
20.200006485
0.0
SECONDS:1111
20.200006485
20.200006485
0.0
SECONDS:1111
20.200006485
20.200006485
0.0
SECONDS:1111
20.200006485
20.200006485
0.0
SECONDS:1111
20.200006485
20.200006485
0.0
SECONDS:1111
20.200006485
20.200006485
0.0
SECONDS:1111
20.200006485
20.200006485
0.0
SECONDS:1111
20.200006485
20.200006485
0.0
SECONDS:1111
20.200006485
20.200006485
0.0
SECONDS:1112
20.200006485
20.200006485
0.0
SECONDS:1112
20.200006485
20.200006485
0.0
SECONDS:1112
20.200006485
20.200006485
0.0
SECONDS:1112
20.200006485
20.200006485
0.0
SECONDS:1112
20.200006485
20.200006485
0.0
SECONDS:1112
20.200006485
20.200006485
0.0
SECONDS:1112
20.200006485
20.200006485
0.0
SECONDS:1112
20.200006485
20.200006485
0.0
SECONDS:1113
20.200006485
20.200006485
0.0
SECONDS:1113
20.200006485
20.200006485
0.0
SECONDS:1113
20.200006485
20.200006485
0.0
SECONDS:1113
20.200006485
20.200006485
0.0
SECONDS:1113
20.200006485
20.200006485
0.0
SECONDS:1113
20.200006485
20.200006485
0.0
SECONDS:1113
20.200006485
20.200006485
0.0
SECONDS:1113
20.200006485
20.200006485
0.0
SECONDS:1113
20.200006485
20.200006485
0.0
SECONDS:1114
20.200006485
20.200006485
0.0
SECONDS:1114
20.200006485
20.200006485
0.0
SECONDS:1114
20.200006485
20.200006485
0.0
SECONDS:1114
20.200006485
20.200006485
0.0
SECONDS:1114
20.200006485
20.200006485
0.0
SECONDS:1114
20.200006485
20.200006485
0.0
SECONDS:1114
20.200006485
20.200006485
0.0
SECONDS:1114
20.200006485
20.200006485
0.0
SECONDS:1115
20.200006485
20.200006485
0.0
SECONDS:1115
20.200006485
20.200006485
0.0
SECONDS:1115
20.200006485
20.200006485
0.0
SECONDS:1115
20.200006485
20.200006485
0.0
SECONDS:1115
20.200006485
20.200006485
0.0
SECONDS:1115
20.200006485
20.200006485
0.0
SECONDS:1115
20.200006485
20.200006485
0.0
SECONDS:1115
20.200006485
20.200006485
0.0
SECONDS:1115
20.200006485
20.200006485
0.0
SECONDS:1116
20.200006485
20.200006485
0.0
SECONDS:1116
20.200006485
20.200006485
0.0
SECONDS:1116
20.200006485
20.200006485
0.0
SECONDS:1116
20.200006485
20.200006485
0.0
SECONDS:1116
20.200006485
20.200006485
0.0
SECONDS:1116
20.200006485
20.200006485
0.0
SECONDS:1116
20.200006485
20.200006485
0.0
SECONDS:1116
20.200006485
20.200006485
0.0
SECONDS:1117
20.200006485
20.200006485
0.0
SECONDS:1117
20.200006485
20.200006485
0.0
SECONDS:1117
20.200006485
20.200006485
0.0
SECONDS:1117
20.200006485
20.200006485
0.0
SECONDS:1117
20.200006485
20.200006485
0.0
SECONDS:1117
20.200006485
20.200006485
0.0
SECONDS:1117
20.200006485
20.200006485
0.0
SECONDS:1117
20.200006485
20.200006485
0.0
SECONDS:1118
20.200006485
20.200006485
0.0
SECONDS:1118
20.200006485
20.200006485
0.0
SECONDS:1118
20.200006485
20.200006485
0.0
SECONDS:1118
20.200006485
20.200006485
0.0
SECONDS:1118
20.200006485
20.200006485
0.0
SECONDS:1118
20.200006485
20.200006485
0.0
SECONDS:1118
20.200006485
20.200006485
0.0
SECONDS:1118
20.200006485
20.200006485
0.0
SECONDS:1119
20.200006485
20.200006485
0.0
SECONDS:1119
20.200006485
20.200006485
0.0
SECONDS:1119
20.200006485
20.200006485
0.0
SECONDS:1119
20.200006485
20.200006485
0.0
SECONDS:1119
20.200006485
20.200006485
0.0
SECONDS:1119
20.200006485
20.200006485
0.0
SECONDS:1119
20.200006485
20.200006485
0.0
SECONDS:1119
20.200006485
20.200006485
0.0
SECONDS:1119
20.200006485
20.200006485
0.0
SECONDS:1120
20.200006485
20.200006485
0.0
SECONDS:1120
20.200006485
20.200006485
0.0
SECONDS:1120
20.200006485
20.200006485
0.0
SECONDS:1120
20.200006485
20.200006485
0.0
SECONDS:1120
20.200006485
20.200006485
0.0
SECONDS:1120
20.200006485
20.200006485
0.0
SECONDS:1120
20.200006485
20.200006485
0.0
SECONDS:1120
20.200006485
20.200006485
0.0
SECONDS:1121
20.200006485
20.200006485
0.0
SECONDS:1121
20.200006485
20.200006485
0.0
SECONDS:1121
20.200006485
20.200006485
0.0
SECONDS:1121
20.200006485
20.200006485
0.0
SECONDS:1121
20.200006485
20.200006485
0.0
SECONDS:1121
20.200006485
20.200006485
0.0
SECONDS:1121
20.200006485
20.200006485
0.0
SECONDS:1122
20.200006485
20.200006485
0.0
SECONDS:1122
20.200006485
20.200006485
0.0
SECONDS:1122
20.200006485
20.200006485
0.0
SECONDS:1122
20.200006485
20.200006485
0.0
SECONDS:1122
20.200006485
20.200006485
0.0
SECONDS:1122
20.200006485
20.200006485
0.0
SECONDS:1122
20.200006485
20.200006485
0.0
SECONDS:1122
20.200006485
20.200006485
0.0
SECONDS:1122
20.200006485
20.200006485
0.0
SECONDS:1123
20.200006485
20.200006485
0.0
SECONDS:1123
20.200006485
20.200006485
0.0
SECONDS:1123
20.200006485
20.200006485
0.0
SECONDS:1123
20.200006485
20.200006485
0.0
SECONDS:1123
20.200006485
20.200006485
0.0
SECONDS:1123
20.200006485
20.200006485
0.0
SECONDS:1123
20.200006485
20.200006485
0.0
SECONDS:1124
20.200006485
20.200006485
0.0
SECONDS:1124
20.200006485
20.200006485
0.0
SECONDS:1124
20.200006485
20.200006485
0.0
SECONDS:1124
20.200006485
20.200006485
0.0
SECONDS:1124
20.200006485
20.200006485
0.0
SECONDS:1124
20.200006485
20.200006485
0.0
SECONDS:1124
20.200006485
20.200006485
0.0
SECONDS:1124
20.200006485
20.200006485
0.0
SECONDS:1125
20.200006485
20.200006485
0.0
SECONDS:1125
20.200006485
20.200006485
0.0
SECONDS:1125
20.200006485
20.200006485
0.0
SECONDS:1125
20.200006485
20.200006485
0.0
SECONDS:1125
20.200006485
20.200006485
0.0
SECONDS:1125
20.200006485
20.200006485
0.0
SECONDS:1125
20.200006485
20.200006485
0.0
SECONDS:1125
20.200006485
20.200006485
0.0
SECONDS:1126
20.200006485
20.200006485
0.0
SECONDS:1126
20.200006485
20.200006485
0.0
SECONDS:1126
20.200006485
20.200006485
0.0
SECONDS:1126
20.200006485
20.200006485
0.0
SECONDS:1126
20.200006485
20.200006485
0.0
SECONDS:1126
20.200006485
20.200006485
0.0
SECONDS:1126
20.200006485
20.200006485
0.0
SECONDS:1126
20.200006485
20.200006485
0.0
SECONDS:1126
20.200006485
20.200006485
0.0
SECONDS:1127
20.200006485
20.200006485
0.0
SECONDS:1127
20.200006485
20.200006485
0.0
SECONDS:1127
20.200006485
20.200006485
0.0
SECONDS:1127
20.200006485
20.200006485
0.0
SECONDS:1127
20.200006485
20.200006485
0.0
SECONDS:1127
20.200006485
20.200006485
0.0
SECONDS:1127
20.200006485
20.200006485
0.0
SECONDS:1127
20.200006485
20.200006485
0.0
SECONDS:1127
20.200006485
20.200006485
0.0
SECONDS:1128
20.200006485
20.200006485
0.0
SECONDS:1128
20.200006485
20.200006485
0.0
SECONDS:1128
20.200006485
20.200006485
0.0
SECONDS:1128
20.200006485
20.200006485
0.0
SECONDS:1128
20.200006485
20.200006485
0.0
SECONDS:1128
20.200006485
20.200006485
0.0
SECONDS:1128
20.200006485
20.200006485
0.0
SECONDS:1128
20.200006485
20.200006485
0.0
SECONDS:1129
20.200006485
20.200006485
0.0
SECONDS:1129
20.200006485
20.200006485
0.0
SECONDS:1129
20.200006485
20.200006485
0.0
SECONDS:1129
20.200006485
20.200006485
0.0
SECONDS:1129
20.200006485
20.200006485
0.0
SECONDS:1129
20.200006485
20.200006485
0.0
SECONDS:1129
20.200006485
20.200006485
0.0
SECONDS:1129
20.200006485
20.200006485
0.0
SECONDS:1130
20.200006485
20.200006485
0.0
SECONDS:1130
20.200006485
20.200006485
0.0
SECONDS:1130
20.200006485
20.200006485
0.0
SECONDS:1130
20.200006485
20.200006485
0.0
SECONDS:1130
20.200006485
20.200006485
0.0
SECONDS:1130
20.200006485
20.200006485
0.0
SECONDS:1130
20.200006485
20.200006485
0.0
SECONDS:1130
20.200006485
20.200006485
0.0
SECONDS:1130
20.200006485
20.200006485
0.0
SECONDS:1131
20.200006485
20.200006485
0.0
SECONDS:1131
20.200006485
20.200006485
0.0
SECONDS:1131
20.200006485
20.200006485
0.0
SECONDS:1131
20.200006485
20.200006485
0.0
SECONDS:1131
20.200006485
20.200006485
0.0
SECONDS:1131
20.200006485
20.200006485
0.0
SECONDS:1131
20.200006485
20.200006485
0.0
SECONDS:1132
20.200006485
20.200006485
0.0
SECONDS:1132
20.200006485
20.200006485
0.0
SECONDS:1132
20.200006485
20.200006485
0.0
SECONDS:1132
20.200006485
20.200006485
0.0
SECONDS:1132
20.200006485
20.200006485
0.0
SECONDS:1132
20.200006485
20.200006485
0.0
SECONDS:1132
20.200006485
20.200006485
0.0
SECONDS:1132
20.200006485
20.200006485
0.0
SECONDS:1133
20.200006485
20.200006485
0.0
SECONDS:1133
20.200006485
20.200006485
0.0
SECONDS:1133
20.200006485
20.200006485
0.0
SECONDS:1133
20.200006485
20.200006485
0.0
SECONDS:1133
20.200006485
20.200006485
0.0
SECONDS:1133
20.200006485
20.200006485
0.0
SECONDS:1134
20.200006485
20.200006485
0.0
SECONDS:1134
20.200006485
20.200006485
0.0
SECONDS:1134
20.200006485
20.200006485
0.0
SECONDS:1134
20.200006485
20.200006485
0.0
SECONDS:1134
20.200006485
20.200006485
0.0
SECONDS:1134
20.200006485
20.200006485
0.0
SECONDS:1134
20.200006485
20.200006485
0.0
SECONDS:1135
20.200006485
20.200006485
0.0
SECONDS:1135
20.200006485
20.200006485
0.0
SECONDS:1135
20.200006485
20.200006485
0.0
SECONDS:1135
20.200006485
20.200006485
0.0
SECONDS:1135
20.200006485
20.200006485
0.0
SECONDS:1135
20.200006485
20.200006485
0.0
SECONDS:1135
20.200006485
20.200006485
0.0
SECONDS:1135
20.200006485
20.200006485
0.0
SECONDS:1136
20.200006485
20.200006485
0.0
SECONDS:1136
20.200006485
20.200006485
0.0
SECONDS:1136
20.200006485
20.200006485
0.0
SECONDS:1136
20.200006485
20.200006485
0.0
SECONDS:1136
20.200006485
20.200006485
0.0
SECONDS:1136
20.200006485
20.200006485
0.0
SECONDS:1136
20.200006485
20.200006485
0.0
SECONDS:1136
20.200006485
20.200006485
0.0
SECONDS:1137
20.200006485
20.200006485
0.0
SECONDS:1137
20.200006485
20.200006485
0.0
SECONDS:1137
20.200006485
20.200006485
0.0
SECONDS:1137
20.200006485
20.200006485
0.0
SECONDS:1137
20.200006485
20.200006485
0.0
SECONDS:1137
20.200006485
20.200006485
0.0
SECONDS:1137
20.200006485
20.200006485
0.0
SECONDS:1138
20.200006485
20.200006485
0.0
SECONDS:1138
20.200006485
20.200006485
0.0
SECONDS:1138
20.200006485
20.200006485
0.0
SECONDS:1138
20.200006485
20.200006485
0.0
SECONDS:1138
20.200006485
20.200006485
0.0
SECONDS:1138
20.200006485
20.200006485
0.0
SECONDS:1138
20.200006485
20.200006485
0.0
SECONDS:1138
20.200006485
20.200006485
0.0
SECONDS:1138
20.200006485
20.200006485
0.0
SECONDS:1139
20.200006485
20.200006485
0.0
SECONDS:1139
20.200006485
20.200006485
0.0
SECONDS:1139
20.200006485
20.200006485
0.0
SECONDS:1139
20.200006485
20.200006485
0.0
SECONDS:1139
20.200006485
20.200006485
0.0
SECONDS:1139
20.200006485
20.200006485
0.0
SECONDS:1139
20.200006485
20.200006485
0.0
SECONDS:1140
20.200006485
20.200006485
0.0
SECONDS:1140
20.200006485
20.200006485
0.0
SECONDS:1140
20.200006485
20.200006485
0.0
SECONDS:1140
20.200006485
20.200006485
0.0
SECONDS:1140
20.200006485
20.200006485
0.0
SECONDS:1140
20.200006485
20.200006485
0.0
SECONDS:1140
20.200006485
20.200006485
0.0
SECONDS:1141
20.200006485
20.200006485
0.0
SECONDS:1141
20.200006485
20.200006485
0.0
SECONDS:1141
20.200006485
20.200006485
0.0
SECONDS:1141
20.200006485
20.200006485
0.0
SECONDS:1141
20.200006485
20.200006485
0.0
SECONDS:1141
20.200006485
20.200006485
0.0
SECONDS:1142
20.200006485
20.200006485
0.0
SECONDS:1142
20.200006485
20.200006485
0.0
SECONDS:1142
20.200006485
20.200006485
0.0
SECONDS:1142
20.200006485
20.200006485
0.0
SECONDS:1142
20.200006485
20.200006485
0.0
SECONDS:1142
20.200006485
20.200006485
0.0
SECONDS:1142
20.200006485
20.200006485
0.0
SECONDS:1143
20.200006485
20.200006485
0.0
SECONDS:1143
20.200006485
20.200006485
0.0
SECONDS:1143
20.200006485
20.200006485
0.0
SECONDS:1143
20.200006485
20.200006485
0.0
SECONDS:1143
20.200006485
20.200006485
0.0
SECONDS:1143
20.200006485
20.200006485
0.0
SECONDS:1143
20.200006485
20.200006485
0.0
SECONDS:1143
20.200006485
20.200006485
0.0
SECONDS:1144
20.200006485
20.200006485
0.0
SECONDS:1144
20.200006485
20.200006485
0.0
SECONDS:1144
20.200006485
20.200006485
0.0
SECONDS:1144
20.200006485
20.200006485
0.0
SECONDS:1144
20.200006485
20.200006485
0.0
SECONDS:1144
20.200006485
20.200006485
0.0
SECONDS:1144
20.200006485
20.200006485
0.0
SECONDS:1144
20.200006485
20.200006485
0.0
SECONDS:1144
20.200006485
20.200006485
0.0
SECONDS:1145
20.200006485
20.200006485
0.0
SECONDS:1145
20.200006485
20.200006485
0.0
SECONDS:1145
20.200006485
20.200006485
0.0
SECONDS:1145
20.200006485
20.200006485
0.0
SECONDS:1145
20.200006485
20.200006485
0.0
SECONDS:1145
20.200006485
20.200006485
0.0
SECONDS:1145
20.200006485
20.200006485
0.0
SECONDS:1145
20.200006485
20.200006485
0.0
SECONDS:1146
20.200006485
20.200006485
0.0
SECONDS:1146
20.200006485
20.200006485
0.0
SECONDS:1146
20.200006485
20.200006485
0.0
SECONDS:1146
20.200006485
20.200006485
0.0
SECONDS:1146
20.200006485
20.200006485
0.0
SECONDS:1146
20.200006485
20.200006485
0.0
SECONDS:1146
20.200006485
20.200006485
0.0
SECONDS:1147
20.200006485
20.200006485
0.0
SECONDS:1147
20.200006485
20.200006485
0.0
SECONDS:1147
20.200006485
20.200006485
0.0
SECONDS:1147
20.200006485
20.200006485
0.0
SECONDS:1147
20.200006485
20.200006485
0.0
SECONDS:1147
20.200006485
20.200006485
0.0
SECONDS:1147
20.200006485
20.200006485
0.0
SECONDS:1147
20.200006485
20.200006485
0.0
SECONDS:1148
20.200006485
20.200006485
0.0
SECONDS:1148
20.200006485
20.200006485
0.0
SECONDS:1148
20.200006485
20.200006485
0.0
SECONDS:1148
20.200006485
20.200006485
0.0
SECONDS:1148
20.200006485
20.200006485
0.0
SECONDS:1148
20.200006485
20.200006485
0.0
SECONDS:1148
20.200006485
20.200006485
0.0
SECONDS:1148
20.200006485
20.200006485
0.0
SECONDS:1149
20.200006485
20.200006485
0.0
SECONDS:1149
20.200006485
20.200006485
0.0
SECONDS:1149
20.200006485
20.200006485
0.0
SECONDS:1149
20.200006485
20.200006485
0.0
SECONDS:1149
20.200006485
20.200006485
0.0
SECONDS:1149
20.200006485
20.200006485
0.0
SECONDS:1149
20.200006485
20.200006485
0.0
SECONDS:1149
20.200006485
20.200006485
0.0
SECONDS:1150
20.200006485
20.200006485
0.0
SECONDS:1150
20.200006485
20.200006485
0.0
SECONDS:1150
20.200006485
20.200006485
0.0
SECONDS:1150
20.200006485
20.200006485
0.0
SECONDS:1150
20.200006485
20.200006485
0.0
SECONDS:1150
20.200006485
20.200006485
0.0
SECONDS:1150
20.200006485
20.200006485
0.0
SECONDS:1150
20.200006485
20.200006485
0.0
SECONDS:1151
20.200006485
20.200006485
0.0
SECONDS:1151
20.200006485
20.200006485
0.0
SECONDS:1151
20.200006485
20.200006485
0.0
SECONDS:1151
20.200006485
20.200006485
0.0
SECONDS:1151
20.200006485
20.200006485
0.0
SECONDS:1151
20.200006485
20.200006485
0.0
SECONDS:1151
20.200006485
20.200006485
0.0
SECONDS:1152
20.200006485
20.200006485
0.0
SECONDS:1152
20.200006485
20.200006485
0.0
SECONDS:1152
20.200006485
20.200006485
0.0
SECONDS:1152
20.200006485
20.200006485
0.0
SECONDS:1152
20.200006485
20.200006485
0.0
SECONDS:1152
20.200006485
20.200006485
0.0
SECONDS:1152
20.200006485
20.200006485
0.0
SECONDS:1152
20.200006485
20.200006485
0.0
SECONDS:1153
20.200006485
20.200006485
0.0
SECONDS:1153
20.200006485
20.200006485
0.0
SECONDS:1153
20.200006485
20.200006485
0.0
SECONDS:1153
20.200006485
20.200006485
0.0
SECONDS:1153
20.200006485
20.200006485
0.0
SECONDS:1153
20.200006485
20.200006485
0.0
SECONDS:1153
20.200006485
20.200006485
0.0
SECONDS:1153
20.200006485
20.200006485
0.0
SECONDS:1154
20.200006485
20.200006485
0.0
SECONDS:1154
20.200006485
20.200006485
0.0
SECONDS:1154
20.200006485
20.200006485
0.0
SECONDS:1154
20.200006485
20.200006485
0.0
SECONDS:1154
20.200006485
20.200006485
0.0
SECONDS:1154
20.200006485
20.200006485
0.0
SECONDS:1154
20.200006485
20.200006485
0.0
SECONDS:1154
20.200006485
20.200006485
0.0
SECONDS:1155
20.200006485
20.200006485
0.0
SECONDS:1155
20.200006485
20.200006485
0.0
SECONDS:1155
20.200006485
20.200006485
0.0
SECONDS:1155
20.200006485
20.200006485
0.0
SECONDS:1155
20.200006485
20.200006485
0.0
SECONDS:1155
20.200006485
20.200006485
0.0
SECONDS:1155
20.200006485
20.200006485
0.0
SECONDS:1155
20.200006485
20.200006485
0.0
SECONDS:1156
20.200006485
20.200006485
0.0
SECONDS:1156
20.200006485
20.200006485
0.0
SECONDS:1156
20.200006485
20.200006485
0.0
SECONDS:1156
20.200006485
20.200006485
0.0
SECONDS:1156
20.200006485
20.200006485
0.0
SECONDS:1156
20.200006485
20.200006485
0.0
SECONDS:1156
20.200006485
20.200006485
0.0
SECONDS:1156
20.200006485
20.200006485
0.0
SECONDS:1157
20.200006485
20.200006485
0.0
SECONDS:1157
20.200006485
20.200006485
0.0
SECONDS:1157
20.200006485
20.200006485
0.0
SECONDS:1157
20.200006485
20.200006485
0.0
SECONDS:1157
20.200006485
20.200006485
0.0
SECONDS:1157
20.200006485
20.200006485
0.0
SECONDS:1158
20.200006485
20.200006485
0.0
SECONDS:1158
20.200006485
20.200006485
0.0
SECONDS:1158
20.200006485
20.200006485
0.0
SECONDS:1158
20.200006485
20.200006485
0.0
SECONDS:1158
20.200006485
20.200006485
0.0
SECONDS:1158
20.200006485
20.200006485
0.0
SECONDS:1158
20.200006485
20.200006485
0.0
SECONDS:1158
20.200006485
20.200006485
0.0
SECONDS:1158
20.200006485
20.200006485
0.0
SECONDS:1159
20.200006485
20.200006485
0.0
SECONDS:1159
20.200006485
20.200006485
0.0
SECONDS:1159
20.200006485
20.200006485
0.0
SECONDS:1159
20.200006485
20.200006485
0.0
SECONDS:1159
20.200006485
20.200006485
0.0
SECONDS:1159
20.200006485
20.200006485
0.0
SECONDS:1159
20.200006485
20.200006485
0.0
SECONDS:1159
20.200006485
20.200006485
0.0
SECONDS:120
20.200006485
20.200006485
0.0
SECONDS:120
20.200006485
20.200006485
0.0
SECONDS:120
20.200006485
20.200006485
0.0
SECONDS:120
20.200006485
20.200006485
0.0
SECONDS:120
20.200006485
20.200006485
0.0
SECONDS:120
20.200006485
20.200006485
0.0
SECONDS:120
20.200006485
20.200006485
0.0
SECONDS:120
20.200006485
20.200006485
0.0
SECONDS:120
20.200006485
20.200006485
0.0
SECONDS:121
20.200006485
20.200006485
0.0
SECONDS:121
20.200006485
20.200006485
0.0
SECONDS:121
20.200006485
20.200006485
0.0
SECONDS:121
20.200006485
20.200006485
0.0
SECONDS:121
20.200006485
20.200006485
0.0
SECONDS:121
20.200006485
20.200006485
0.0
SECONDS:121
20.200006485
20.200006485
0.0
SECONDS:121
20.200006485
20.200006485
0.0
SECONDS:121
20.200006485
20.200006485
0.0
SECONDS:122
20.200006485
20.200006485
0.0
SECONDS:122
20.200006485
20.200006485
0.0
SECONDS:122
20.200006485
20.200006485
0.0
SECONDS:122
20.200006485
20.200006485
0.0
SECONDS:122
20.200006485
20.200006485
0.0
SECONDS:122
20.200006485
20.200006485
0.0
SECONDS:122
20.200006485
20.200006485
0.0
SECONDS:122
20.200006485
20.200006485
0.0
SECONDS:123
20.200006485
20.200006485
0.0
SECONDS:123
20.200006485
20.200006485
0.0
SECONDS:123
20.200006485
20.200006485
0.0
SECONDS:123
20.200006485
20.200006485
0.0
SECONDS:123
20.200006485
20.200006485
0.0
SECONDS:123
20.200006485
20.200006485
0.0
SECONDS:123
20.200006485
20.200006485
0.0
SECONDS:123
20.200006485
20.200006485
0.0
SECONDS:123
20.200006485
20.200006485
0.0
SECONDS:124
20.200006485
20.200006485
0.0
SECONDS:124
20.200006485
20.200006485
0.0
SECONDS:124
20.200006485
20.200006485
0.0
SECONDS:124
20.200006485
20.200006485
0.0
SECONDS:124
20.200006485
20.200006485
0.0
SECONDS:124
20.200006485
20.200006485
0.0
SECONDS:124
20.200006485
20.200006485
0.0
SECONDS:124
20.200006485
20.200006485
0.0
SECONDS:125
20.200006485
20.200006485
0.0
SECONDS:125
20.200006485
20.200006485
0.0
SECONDS:125
20.200006485
20.200006485
0.0
SECONDS:125
20.200006485
20.200006485
0.0
SECONDS:125
20.200006485
20.200006485
0.0
SECONDS:125
20.200006485
20.200006485
0.0
SECONDS:125
20.200006485
20.200006485
0.0
SECONDS:125
20.200006485
20.200006485
0.0
SECONDS:126
20.200006485
20.200006485
0.0
SECONDS:126
20.200006485
20.200006485
0.0
SECONDS:126
20.200006485
20.200006485
0.0
SECONDS:126
20.200006485
20.200006485
0.0
SECONDS:126
20.200006485
20.200006485
0.0
SECONDS:126
20.200006485
20.200006485
0.0
SECONDS:126
20.200006485
20.200006485
0.0
SECONDS:126
20.200006485
20.200006485
0.0
SECONDS:126
20.200006485
20.200006485
0.0
SECONDS:127
20.200006485
20.200006485
0.0
SECONDS:127
20.200006485
20.200006485
0.0
SECONDS:127
20.200006485
20.200006485
0.0
SECONDS:127
20.200006485
20.200006485
0.0
SECONDS:127
20.200006485
20.200006485
0.0
SECONDS:127
20.200006485
20.200006485
0.0
SECONDS:128
20.200006485
20.200006485
0.0
SECONDS:128
20.200006485
20.200006485
0.0
SECONDS:128
20.200006485
20.200006485
0.0
SECONDS:128
20.200006485
20.200006485
0.0
SECONDS:128
20.200006485
20.200006485
0.0
SECONDS:128
20.200006485
20.200006485
0.0
SECONDS:128
20.200006485
20.200006485
0.0
SECONDS:128
20.200006485
20.200006485
0.0
SECONDS:128
20.200006485
20.200006485
0.0
SECONDS:129
20.200006485
20.200006485
0.0
SECONDS:129
20.200006485
20.200006485
0.0
SECONDS:129
20.200006485
20.200006485
0.0
SECONDS:129
20.200006485
20.200006485
0.0
SECONDS:129
20.200006485
20.200006485
0.0
SECONDS:129
20.200006485
20.200006485
0.0
SECONDS:129
20.200006485
20.200006485
0.0
SECONDS:129
20.200006485
20.200006485
0.0
SECONDS:1210
20.200006485
20.200006485
0.0
SECONDS:1210
20.200006485
20.200006485
0.0
SECONDS:1210
20.200006485
20.200006485
0.0
SECONDS:1210
20.200006485
20.200006485
0.0
SECONDS:1210
20.200006485
20.200006485
0.0
SECONDS:1210
20.200006485
20.200006485
0.0
SECONDS:1210
20.200006485
20.200006485
0.0
SECONDS:1210
20.200006485
20.200006485
0.0
SECONDS:1210
20.200006485
20.200006485
0.0
SECONDS:1211
20.200006485
20.200006485
0.0
SECONDS:1211
20.200006485
20.200006485
0.0
SECONDS:1211
20.200006485
20.200006485
0.0
SECONDS:1211
20.200006485
20.200006485
0.0
SECONDS:1211
20.200006485
20.200006485
0.0
SECONDS:1211
20.200006485
20.200006485
0.0
SECONDS:1211
20.200006485
20.200006485
0.0
SECONDS:1211
20.200006485
20.200006485
0.0
SECONDS:1212
20.200006485
20.200006485
0.0
SECONDS:1212
20.200006485
20.200006485
0.0
SECONDS:1212
20.200006485
20.200006485
0.0
SECONDS:1212
20.200006485
20.200006485
0.0
SECONDS:1212
20.200006485
20.200006485
0.0
SECONDS:1212
20.200006485
20.200006485
0.0
SECONDS:1212
20.200006485
20.200006485
0.0
SECONDS:1212
20.200006485
20.200006485
0.0
SECONDS:1212
20.200006485
20.200006485
0.0
SECONDS:1213
20.200006485
20.200006485
0.0
SECONDS:1213
20.200006485
20.200006485
0.0
SECONDS:1213
20.200006485
20.200006485
0.0
SECONDS:1213
20.200006485
20.200006485
0.0
SECONDS:1213
20.200006485
20.200006485
0.0
SECONDS:1213
20.200006485
20.200006485
0.0
SECONDS:1213
20.200006485
20.200006485
0.0
SECONDS:1214
20.200006485
20.200006485
0.0
SECONDS:1214
20.200006485
20.200006485
0.0
SECONDS:1214
20.200006485
20.200006485
0.0
SECONDS:1214
20.200006485
20.200006485
0.0
SECONDS:1214
20.200006485
20.200006485
0.0
SECONDS:1214
20.200006485
20.200006485
0.0
SECONDS:1214
20.200006485
20.200006485
0.0
SECONDS:1214
20.200006485
20.200006485
0.0
SECONDS:1215
20.200006485
20.200006485
0.0
SECONDS:1215
20.200006485
20.200006485
0.0
SECONDS:1215
20.200006485
20.200006485
0.0
SECONDS:1215
20.200006485
20.200006485
0.0
SECONDS:1215
20.200006485
20.200006485
0.0
SECONDS:1215
20.200006485
20.200006485
0.0
SECONDS:1215
20.200006485
20.200006485
0.0
SECONDS:1215
20.200006485
20.200006485
0.0
SECONDS:1216
20.200006485
20.200006485
0.0
SECONDS:1216
20.200006485
20.200006485
0.0
SECONDS:1216
20.200006485
20.200006485
0.0
SECONDS:1216
20.200006485
20.200006485
0.0
SECONDS:1216
20.200006485
20.200006485
0.0
SECONDS:1216
20.200006485
20.200006485
0.0
SECONDS:1216
20.200006485
20.200006485
0.0
SECONDS:1216
20.200006485
20.200006485
0.0
SECONDS:1217
20.200006485
20.200006485
0.0
SECONDS:1217
20.200006485
20.200006485
0.0
SECONDS:1217
20.200006485
20.200006485
0.0
SECONDS:1217
20.200006485
20.200006485
0.0
SECONDS:1217
20.200006485
20.200006485
0.0
SECONDS:1217
20.200006485
20.200006485
0.0
SECONDS:1217
20.200006485
20.200006485
0.0
SECONDS:1218
20.200006485
20.200006485
0.0
SECONDS:1218
20.200006485
20.200006485
0.0
SECONDS:1218
20.200006485
20.200006485
0.0
SECONDS:1218
20.200006485
20.200006485
0.0
SECONDS:1218
20.200006485
20.200006485
0.0
SECONDS:1218
20.200006485
20.200006485
0.0
SECONDS:1218
20.200006485
20.200006485
0.0
SECONDS:1218
20.200006485
20.200006485
0.0
SECONDS:1219
20.200006485
20.200006485
0.0
SECONDS:1219
20.200006485
20.200006485
0.0
SECONDS:1219
20.200006485
20.200006485
0.0
SECONDS:1219
20.200006485
20.200006485
0.0
SECONDS:1219
20.200006485
20.200006485
0.0
SECONDS:1219
20.200006485
20.200006485
0.0
SECONDS:1219
20.200006485
20.200006485
0.0
SECONDS:1220
20.200006485
20.200006485
0.0
SECONDS:1220
20.200006485
20.200006485
0.0
SECONDS:1220
20.200006485
20.200006485
0.0
SECONDS:1220
20.200006485
20.200006485
0.0
SECONDS:1220
20.200006485
20.200006485
0.0
SECONDS:1220
20.200006485
20.200006485
0.0
SECONDS:1220
20.200006485
20.200006485
0.0
SECONDS:1220
20.200006485
20.200006485
0.0
SECONDS:1221
20.200006485
20.200006485
0.0
SECONDS:1221
20.200006485
20.200006485
0.0
SECONDS:1221
20.200006485
20.200006485
0.0
SECONDS:1221
20.200006485
20.200006485
0.0
SECONDS:1221
20.200006485
20.200006485
0.0
SECONDS:1221
20.200006485
20.200006485
0.0
SECONDS:1221
20.200006485
20.200006485
0.0
SECONDS:1221
20.200006485
20.200006485
0.0
SECONDS:1222
20.200006485
20.200006485
0.0
SECONDS:1222
20.200006485
20.200006485
0.0
SECONDS:1222
20.200006485
20.200006485
0.0
SECONDS:1222
20.200006485
20.200006485
0.0
SECONDS:1222
20.200006485
20.200006485
0.0
SECONDS:1222
20.200006485
20.200006485
0.0
SECONDS:1222
20.200006485
20.200006485
0.0
SECONDS:1222
20.200006485
20.200006485
0.0
SECONDS:1223
20.200006485
20.200006485
0.0
SECONDS:1223
20.200006485
20.200006485
0.0
SECONDS:1223
20.200006485
20.200006485
0.0
SECONDS:1223
20.200006485
20.200006485
0.0
SECONDS:1223
20.200006485
20.200006485
0.0
SECONDS:1223
20.200006485
20.200006485
0.0
SECONDS:1223
20.200006485
20.200006485
0.0
SECONDS:1223
20.200006485
20.200006485
0.0
SECONDS:1224
20.200006485
20.200006485
0.0
SECONDS:1224
20.200006485
20.200006485
0.0
SECONDS:1224
20.200006485
20.200006485
0.0
SECONDS:1224
20.200006485
20.200006485
0.0
SECONDS:1224
20.200006485
20.200006485
0.0
SECONDS:1224
20.200006485
20.200006485
0.0
SECONDS:1224
20.200006485
20.200006485
0.0
SECONDS:1224
20.200006485
20.200006485
0.0
SECONDS:1225
20.200006485
20.200006485
0.0
SECONDS:1225
20.200006485
20.200006485
0.0
SECONDS:1225
20.200006485
20.200006485
0.0
SECONDS:1225
20.200006485
20.200006485
0.0
SECONDS:1225
20.200006485
20.200006485
0.0
SECONDS:1225
20.200006485
20.200006485
0.0
SECONDS:1225
20.200006485
20.200006485
0.0
SECONDS:1225
20.200006485
20.200006485
0.0
SECONDS:1226
20.200006485
20.200006485
0.0
SECONDS:1226
20.200006485
20.200006485
0.0
SECONDS:1226
20.200006485
20.200006485
0.0
SECONDS:1226
20.200006485
20.200006485
0.0
SECONDS:1226
20.200006485
20.200006485
0.0
SECONDS:1226
20.200006485
20.200006485
0.0
SECONDS:1226
20.200006485
20.200006485
0.0
SECONDS:1227
20.200006485
20.200006485
0.0
SECONDS:1227
20.200006485
20.200006485
0.0
SECONDS:1227
20.200006485
20.200006485
0.0
SECONDS:1227
20.200006485
20.200006485
0.0
SECONDS:1227
20.200006485
20.200006485
0.0
SECONDS:1227
20.200006485
20.200006485
0.0
SECONDS:1227
20.200006485
20.200006485
0.0
SECONDS:1227
20.200006485
20.200006485
0.0
SECONDS:1228
20.200006485
20.200006485
0.0
SECONDS:1228
20.200006485
20.200006485
0.0
SECONDS:1228
20.200006485
20.200006485
0.0
SECONDS:1228
20.200006485
20.200006485
0.0
SECONDS:1228
20.200006485
20.200006485
0.0
SECONDS:1228
20.200006485
20.200006485
0.0
SECONDS:1228
20.200006485
20.200006485
0.0
SECONDS:1228
20.200006485
20.200006485
0.0
SECONDS:1229
20.200006485
20.200006485
0.0
SECONDS:1229
20.200006485
20.200006485
0.0
SECONDS:1229
20.200006485
20.200006485
0.0
SECONDS:1229
20.200006485
20.200006485
0.0
SECONDS:1229
20.200006485
20.200006485
0.0
SECONDS:1229
20.200006485
20.200006485
0.0
SECONDS:1229
20.200006485
20.200006485
0.0
SECONDS:1229
20.200006485
20.200006485
0.0
SECONDS:1229
20.200006485
20.200006485
0.0
SECONDS:1230
20.200006485
20.200006485
0.0
SECONDS:1230
20.200006485
20.200006485
0.0
SECONDS:1230
20.200006485
20.200006485
0.0
SECONDS:1230
20.200006485
20.200006485
0.0
SECONDS:1230
20.200006485
20.200006485
0.0
SECONDS:1230
20.200006485
20.200006485
0.0
SECONDS:1230
20.200006485
20.200006485
0.0
SECONDS:1230
20.200006485
20.200006485
0.0
SECONDS:1231
20.200006485
20.200006485
0.0
SECONDS:1231
20.200006485
20.200006485
0.0
SECONDS:1231
20.200006485
20.200006485
0.0
SECONDS:1231
20.200006485
20.200006485
0.0
SECONDS:1231
20.200006485
20.200006485
0.0
SECONDS:1231
20.200006485
20.200006485
0.0
SECONDS:1231
20.200006485
20.200006485
0.0
SECONDS:1231
20.200006485
20.200006485
0.0
SECONDS:1232
20.200006485
20.200006485
0.0
SECONDS:1232
20.200006485
20.200006485
0.0
SECONDS:1232
20.200006485
20.200006485
0.0
SECONDS:1232
20.200006485
20.200006485
0.0
SECONDS:1232
20.200006485
20.200006485
0.0
SECONDS:1232
20.200006485
20.200006485
0.0
SECONDS:1232
20.200006485
20.200006485
0.0
SECONDS:1233
20.200006485
20.200006485
0.0
SECONDS:1233
20.200006485
20.200006485
0.0
SECONDS:1233
20.200006485
20.200006485
0.0
SECONDS:1233
20.200006485
20.200006485
0.0
SECONDS:1233
20.200006485
20.200006485
0.0
SECONDS:1233
20.200006485
20.200006485
0.0
SECONDS:1233
20.200006485
20.200006485
0.0
SECONDS:1233
20.200006485
20.200006485
0.0
SECONDS:1234
20.200006485
20.200006485
0.0
SECONDS:1234
20.200006485
20.200006485
0.0
SECONDS:1234
20.200006485
20.200006485
0.0
SECONDS:1234
20.200006485
20.200006485
0.0
SECONDS:1234
20.200006485
20.200006485
0.0
SECONDS:1234
20.200006485
20.200006485
0.0
SECONDS:1234
20.200006485
20.200006485
0.0
SECONDS:1234
20.200006485
20.200006485
0.0
SECONDS:1235
20.200006485
20.200006485
0.0
SECONDS:1235
20.200006485
20.200006485
0.0
SECONDS:1235
20.200006485
20.200006485
0.0
SECONDS:1235
20.200006485
20.200006485
0.0
SECONDS:1235
20.200006485
20.200006485
0.0
SECONDS:1235
20.200006485
20.200006485
0.0
SECONDS:1235
20.200006485
20.200006485
0.0
SECONDS:1235
20.200006485
20.200006485
0.0
SECONDS:1236
20.200006485
20.200006485
0.0
SECONDS:1236
20.200006485
20.200006485
0.0
SECONDS:1236
20.200006485
20.200006485
0.0
SECONDS:1236
20.200006485
20.200006485
0.0
SECONDS:1236
20.200006485
20.200006485
0.0
SECONDS:1236
20.200006485
20.200006485
0.0
SECONDS:1236
20.200006485
20.200006485
0.0
SECONDS:1236
20.200006485
20.200006485
0.0
SECONDS:1237
20.200006485
20.200006485
0.0
SECONDS:1237
20.200006485
20.200006485
0.0
SECONDS:1237
20.200006485
20.200006485
0.0
SECONDS:1237
20.200006485
20.200006485
0.0
SECONDS:1237
20.200006485
20.200006485
0.0
SECONDS:1237
20.200006485
20.200006485
0.0
SECONDS:1237
20.200006485
20.200006485
0.0
SECONDS:1238
20.200006485
20.200006485
0.0
SECONDS:1238
20.200006485
20.200006485
0.0
SECONDS:1238
20.200006485
20.200006485
0.0
SECONDS:1238
20.200006485
20.200006485
0.0
SECONDS:1238
20.200006485
20.200006485
0.0
SECONDS:1238
20.200006485
20.200006485
0.0
SECONDS:1238
20.200006485
20.200006485
0.0
SECONDS:1238
20.200006485
20.200006485
0.0
SECONDS:1239
20.200006485
20.200006485
0.0
SECONDS:1239
20.200006485
20.200006485
0.0
SECONDS:1239
20.200006485
20.200006485
0.0
SECONDS:1239
20.200006485
20.200006485
0.0
SECONDS:1239
20.200006485
20.200006485
0.0
SECONDS:1239
20.200006485
20.200006485
0.0
SECONDS:1239
20.200006485
20.200006485
0.0
SECONDS:1240
20.200006485
20.200006485
0.0
SECONDS:1240
20.200006485
20.200006485
0.0
SECONDS:1240
20.200006485
20.200006485
0.0
SECONDS:1240
20.200006485
20.200006485
0.0
SECONDS:1240
20.200006485
20.200006485
0.0
SECONDS:1240
20.200006485
20.200006485
0.0
SECONDS:1240
20.200006485
20.200006485
0.0
SECONDS:1240
20.200006485
20.200006485
0.0
SECONDS:1241
20.200006485
20.200006485
0.0
SECONDS:1241
20.200006485
20.200006485
0.0
SECONDS:1241
20.200006485
20.200006485
0.0
SECONDS:1241
20.200006485
20.200006485
0.0
SECONDS:1241
20.200006485
20.200006485
0.0
SECONDS:1241
20.200006485
20.200006485
0.0
SECONDS:1241
20.200006485
20.200006485
0.0
SECONDS:1241
20.200006485
20.200006485
0.0
SECONDS:1242
20.200006485
20.200006485
0.0
SECONDS:1242
20.200006485
20.200006485
0.0
SECONDS:1242
20.200006485
20.200006485
0.0
SECONDS:1242
20.200006485
20.200006485
0.0
SECONDS:1242
20.200006485
20.200006485
0.0
SECONDS:1242
20.200006485
20.200006485
0.0
SECONDS:1242
20.200006485
20.200006485
0.0
SECONDS:1242
20.200006485
20.200006485
0.0
SECONDS:1243
20.200006485
20.200006485
0.0
SECONDS:1243
20.200006485
20.200006485
0.0
SECONDS:1243
20.200006485
20.200006485
0.0
SECONDS:1243
20.200006485
20.200006485
0.0
SECONDS:1243
20.200006485
20.200006485
0.0
SECONDS:1243
20.200006485
20.200006485
0.0
SECONDS:1243
20.200006485
20.200006485
0.0
SECONDS:1243
20.200006485
20.200006485
0.0
SECONDS:1243
20.200006485
20.200006485
0.0
SECONDS:1244
20.200006485
20.200006485
0.0
SECONDS:1244
20.200006485
20.200006485
0.0
SECONDS:1244
20.200006485
20.200006485
0.0
SECONDS:1244
20.200006485
20.200006485
0.0
SECONDS:1244
20.200006485
20.200006485
0.0
SECONDS:1244
20.200006485
20.200006485
0.0
SECONDS:1245
20.200006485
20.200006485
0.0
SECONDS:1245
20.200006485
20.200006485
0.0
SECONDS:1245
20.200006485
20.200006485
0.0
SECONDS:1245
20.200006485
20.200006485
0.0
SECONDS:1245
20.200006485
20.200006485
0.0
SECONDS:1245
20.200006485
20.200006485
0.0
SECONDS:1245
20.200006485
20.200006485
0.0
SECONDS:1245
20.200006485
20.200006485
0.0
SECONDS:1246
20.200006485
20.200006485
0.0
SECONDS:1246
20.200006485
20.200006485
0.0
SECONDS:1246
20.200006485
20.200006485
0.0
SECONDS:1246
20.200006485
20.200006485
0.0
SECONDS:1246
20.200006485
20.200006485
0.0
SECONDS:1246
20.200006485
20.200006485
0.0
SECONDS:1246
20.200006485
20.200006485
0.0
SECONDS:1246
20.200006485
20.200006485
0.0
SECONDS:1247
20.200006485
20.200006485
0.0
SECONDS:1247
20.200006485
20.200006485
0.0
SECONDS:1247
20.200006485
20.200006485
0.0
SECONDS:1247
20.200006485
20.200006485
0.0
SECONDS:1247
20.200006485
20.200006485
0.0
SECONDS:1247
20.200006485
20.200006485
0.0
SECONDS:1247
20.200006485
20.200006485
0.0
SECONDS:1248
20.200006485
20.200006485
0.0
SECONDS:1248
20.200006485
20.200006485
0.0
SECONDS:1248
20.200006485
20.200006485
0.0
SECONDS:1248
20.200006485
20.200006485
0.0
SECONDS:1248
20.200006485
20.200006485
0.0
SECONDS:1248
20.200006485
20.200006485
0.0
SECONDS:1248
20.200006485
20.200006485
0.0
SECONDS:1248
20.200006485
20.200006485
0.0
SECONDS:1249
20.200006485
20.200006485
0.0
SECONDS:1249
20.200006485
20.200006485
0.0
SECONDS:1249
20.200006485
20.200006485
0.0
SECONDS:1249
20.200006485
20.200006485
0.0
SECONDS:1249
20.200006485
20.200006485
0.0
SECONDS:1249
20.200006485
20.200006485
0.0
SECONDS:1249
20.200006485
20.200006485
0.0
SECONDS:1249
20.200006485
20.200006485
0.0
SECONDS:1250
20.200006485
20.200006485
0.0
SECONDS:1250
20.200006485
20.200006485
0.0
SECONDS:1250
20.200006485
20.200006485
0.0
SECONDS:1250
20.200006485
20.200006485
0.0
SECONDS:1250
20.200006485
20.200006485
0.0
SECONDS:1250
20.200006485
20.200006485
0.0
SECONDS:1250
20.200006485
20.200006485
0.0
SECONDS:1250
20.200006485
20.200006485
0.0
SECONDS:1251
20.200006485
20.200006485
0.0
SECONDS:1251
20.200006485
20.200006485
0.0
SECONDS:1251
20.200006485
20.200006485
0.0
SECONDS:1251
20.200006485
20.200006485
0.0
SECONDS:1251
20.200006485
20.200006485
0.0
SECONDS:1251
20.200006485
20.200006485
0.0
SECONDS:1251
20.200006485
20.200006485
0.0
SECONDS:1251
20.200006485
20.200006485
0.0
SECONDS:1252
20.200006485
20.200006485
0.0
SECONDS:1252
20.200006485
20.200006485
0.0
SECONDS:1252
20.200006485
20.200006485
0.0
SECONDS:1252
20.200006485
20.200006485
0.0
SECONDS:1252
20.200006485
20.200006485
0.0
SECONDS:1252
20.200006485
20.200006485
0.0
SECONDS:1252
20.200006485
20.200006485
0.0
SECONDS:1253
20.200006485
20.200006485
0.0
SECONDS:1253
20.200006485
20.200006485
0.0
SECONDS:1253
20.200006485
20.200006485
0.0
SECONDS:1253
20.200006485
20.200006485
0.0
SECONDS:1253
20.200006485
20.200006485
0.0
SECONDS:1253
20.200006485
20.200006485
0.0
SECONDS:1253
20.200006485
20.200006485
0.0
SECONDS:1253
20.200006485
20.200006485
0.0
SECONDS:1254
20.200006485
20.200006485
0.0
SECONDS:1254
20.200006485
20.200006485
0.0
SECONDS:1254
20.200006485
20.200006485
0.0
SECONDS:1254
20.200006485
20.200006485
0.0
SECONDS:1254
20.200006485
20.200006485
0.0
SECONDS:1254
20.200006485
20.200006485
0.0
SECONDS:1254
20.200006485
20.200006485
0.0
SECONDS:1254
20.200006485
20.200006485
0.0
SECONDS:1254
20.200006485
20.200006485
0.0
SECONDS:1255
20.200006485
20.200006485
0.0
SECONDS:1255
20.200006485
20.200006485
0.0
SECONDS:1255
20.200006485
20.200006485
0.0
SECONDS:1255
20.200006485
20.200006485
0.0
SECONDS:1255
20.200006485
20.200006485
0.0
SECONDS:1255
20.200006485
20.200006485
0.0
SECONDS:1255
20.200006485
20.200006485
0.0
SECONDS:1256
20.200006485
20.200006485
0.0
SECONDS:1256
20.200006485
20.200006485
0.0
SECONDS:1256
20.200006485
20.200006485
0.0
SECONDS:1256
20.200006485
20.200006485
0.0
SECONDS:1256
20.200006485
20.200006485
0.0
SECONDS:1256
20.200006485
20.200006485
0.0
SECONDS:1256
20.200006485
20.200006485
0.0
SECONDS:1256
20.200006485
20.200006485
0.0
SECONDS:1257
20.200006485
20.200006485
0.0
SECONDS:1257
20.200006485
20.200006485
0.0
SECONDS:1257
20.200006485
20.200006485
0.0
SECONDS:1257
20.200006485
20.200006485
0.0
SECONDS:1257
20.200006485
20.200006485
0.0
SECONDS:1257
20.200006485
20.200006485
0.0
SECONDS:1258
20.200006485
20.200006485
0.0
SECONDS:1258
20.200006485
20.200006485
0.0
SECONDS:1258
20.200006485
20.200006485
0.0
SECONDS:1258
20.200006485
20.200006485
0.0
SECONDS:1258
20.200006485
20.200006485
0.0
SECONDS:1258
20.200006485
20.200006485
0.0
SECONDS:1258
20.200006485
20.200006485
0.0
SECONDS:1258
20.200006485
20.200006485
0.0
SECONDS:1258
20.200006485
20.200006485
0.0
SECONDS:1259
20.200006485
20.200006485
0.0
SECONDS:1259
20.200006485
20.200006485
0.0
SECONDS:1259
20.200006485
20.200006485
0.0
SECONDS:1259
20.200006485
20.200006485
0.0
SECONDS:1259
20.200006485
20.200006485
0.0
SECONDS:1259
20.200006485
20.200006485
0.0
SECONDS:1259
20.200006485
20.200006485
0.0
SECONDS:1259
20.200006485
20.200006485
0.0
SECONDS:1259
20.200006485
20.200006485
0.0
SECONDS:130
20.200006485
20.200006485
0.0
SECONDS:130
20.200006485
20.200006485
0.0
SECONDS:130
20.200006485
20.200006485
0.0
SECONDS:130
20.200006485
20.200006485
0.0
SECONDS:130
20.200006485
20.200006485
0.0
SECONDS:130
20.200006485
20.200006485
0.0
SECONDS:130
20.200006485
20.200006485
0.0
SECONDS:130
20.200006485
20.200006485
0.0
SECONDS:131
20.200006485
20.200006485
0.0
SECONDS:131
20.200006485
20.200006485
0.0
SECONDS:131
20.200006485
20.200006485
0.0
SECONDS:131
20.200006485
20.200006485
0.0
SECONDS:131
20.200006485
20.200006485
0.0
SECONDS:131
20.200006485
20.200006485
0.0
SECONDS:131
20.200006485
20.200006485
0.0
SECONDS:131
20.200006485
20.200006485
0.0
SECONDS:132
20.200006485
20.200006485
0.0
SECONDS:132
20.200006485
20.200006485
0.0
SECONDS:132
20.200006485
20.200006485
0.0
SECONDS:132
20.200006485
20.200006485
0.0
SECONDS:132
20.200006485
20.200006485
0.0
SECONDS:132
20.200006485
20.200006485
0.0
SECONDS:132
20.200006485
20.200006485
0.0
SECONDS:132
20.200006485
20.200006485
0.0
SECONDS:132
20.200006485
20.200006485
0.0
SECONDS:133
20.200006485
20.200006485
0.0
SECONDS:133
20.200006485
20.200006485
0.0
SECONDS:133
20.200006485
20.200006485
0.0
SECONDS:133
20.200006485
20.200006485
0.0
SECONDS:133
20.200006485
20.200006485
0.0
SECONDS:133
20.200006485
20.200006485
0.0
SECONDS:133
20.200006485
20.200006485
0.0
SECONDS:134
20.200006485
20.200006485
0.0
SECONDS:134
20.200006485
20.200006485
0.0
SECONDS:134
20.200006485
20.200006485
0.0
SECONDS:134
20.200006485
20.200006485
0.0
SECONDS:134
20.200006485
20.200006485
0.0
SECONDS:134
20.200006485
20.200006485
0.0
SECONDS:134
20.200006485
20.200006485
0.0
SECONDS:135
20.200006485
20.200006485
0.0
SECONDS:135
20.200006485
20.200006485
0.0
SECONDS:135
20.200006485
20.200006485
0.0
SECONDS:135
20.200006485
20.200006485
0.0
SECONDS:135
20.200006485
20.200006485
0.0
SECONDS:135
20.200006485
20.200006485
0.0
SECONDS:135
20.200006485
20.200006485
0.0
SECONDS:135
20.200006485
20.200006485
0.0
SECONDS:136
20.200006485
20.200006485
0.0
SECONDS:136
20.200006485
20.200006485
0.0
SECONDS:136
20.200006485
20.200006485
0.0
SECONDS:136
20.200006485
20.200006485
0.0
SECONDS:136
20.200006485
20.200006485
0.0
SECONDS:136
20.200006485
20.200006485
0.0
SECONDS:136
20.200006485
20.200006485
0.0
SECONDS:136
20.200006485
20.200006485
0.0
SECONDS:136
20.200006485
20.200006485
0.0
SECONDS:137
20.200006485
20.200006485
0.0
SECONDS:137
20.200006485
20.200006485
0.0
SECONDS:137
20.200006485
20.200006485
0.0
SECONDS:137
20.200006485
20.200006485
0.0
SECONDS:137
20.200006485
20.200006485
0.0
SECONDS:137
20.200006485
20.200006485
0.0
SECONDS:137
20.200006485
20.200006485
0.0
SECONDS:137
20.200006485
20.200006485
0.0
SECONDS:138
20.200006485
20.200006485
0.0
SECONDS:138
20.200006485
20.200006485
0.0
SECONDS:138
20.200006485
20.200006485
0.0
SECONDS:138
20.200006485
20.200006485
0.0
SECONDS:138
20.200006485
20.200006485
0.0
SECONDS:138
20.200006485
20.200006485
0.0
SECONDS:138
20.200006485
20.200006485
0.0
SECONDS:138
20.200006485
20.200006485
0.0
SECONDS:138
20.200006485
20.200006485
0.0
SECONDS:139
20.200006485
20.200006485
0.0
SECONDS:139
20.200006485
20.200006485
0.0
SECONDS:139
20.200006485
20.200006485
0.0
SECONDS:139
20.200006485
20.200006485
0.0
SECONDS:139
20.200006485
20.200006485
0.0
SECONDS:139
20.200006485
20.200006485
0.0
SECONDS:139
20.200006485
20.200006485
0.0
SECONDS:139
20.200006485
20.200006485
0.0
SECONDS:139
