10.3000001907
10.3000001907
0.0
SECONDS:3858
10.3000001907
10.3000001907
0.0
SECONDS:3858
10.3000001907
10.3000001907
0.0
SECONDS:3858
10.6000003815
10.6000003815
0.0
SECONDS:3859
10.6000003815
10.6000003815
0.0
SECONDS:3859
10.6000003815
10.6000003815
0.0
SECONDS:3859
10.6000003815
10.6000003815
0.0
SECONDS:3859
10.6000003815
10.6000003815
0.0
SECONDS:3859
10.6000003815
10.6000003815
0.0
SECONDS:3859
10.6000003815
10.6000003815
0.0
SECONDS:3859
10.6000003815
10.6000003815
0.0
SECONDS:3859
10.6000003815
10.6000003815
0.0
SECONDS:3859
10.6000003815
10.6000003815
0.0
SECONDS:3859
10.6000003815
10.6000003815
0.0
SECONDS:3859
10.6000003815
10.6000003815
0.0
SECONDS:3859
10.6000003815
10.6000003815
0.0
SECONDS:3859
10.6000003815
10.6000003815
0.0
SECONDS:3859
10.6000003815
10.6000003815
0.0
SECONDS:3859
10.6000003815
10.6000003815
0.0
SECONDS:3859
10.6000003815
10.6000003815
0.0
SECONDS:3859
10.6000003815
10.6000003815
0.0
SECONDS:3859
10.9000005722
10.9000005722
0.0
SECONDS:390
10.9000005722
10.9000005722
0.0
SECONDS:390
10.9000005722
10.9000005722
0.0
SECONDS:390
10.9000005722
10.9000005722
0.0
SECONDS:390
10.9000005722
10.9000005722
0.0
SECONDS:390
10.9000005722
10.9000005722
0.0
SECONDS:390
10.9000005722
10.9000005722
0.0
SECONDS:390
10.9000005722
10.9000005722
0.0
SECONDS:390
10.9000005722
10.9000005722
0.0
SECONDS:390
10.9000005722
10.9000005722
0.0
SECONDS:390
10.9000005722
10.9000005722
0.0
SECONDS:390
10.9000005722
10.9000005722
0.0
SECONDS:390
10.9000005722
10.9000005722
0.0
SECONDS:390
10.9000005722
10.9000005722
0.0
SECONDS:390
10.9000005722
10.9000005722
0.0
SECONDS:390
10.9000005722
10.9000005722
0.0
SECONDS:390
10.9000005722
10.9000005722
0.0
SECONDS:390
10.9000005722
10.9000005722
0.0
SECONDS:390
10.9000005722
10.9000005722
0.0
SECONDS:391
10.9000005722
10.9000005722
0.0
SECONDS:391
10.9000005722
10.9000005722
0.0
SECONDS:391
10.9000005722
10.9000005722
0.0
SECONDS:391
10.9000005722
10.9000005722
0.0
SECONDS:391
10.9000005722
10.9000005722
0.0
SECONDS:391
10.9000005722
10.9000005722
0.0
SECONDS:391
10.9000005722
10.9000005722
0.0
SECONDS:391
10.9000005722
10.9000005722
0.0
SECONDS:391
10.9000005722
10.9000005722
0.0
SECONDS:391
10.9000005722
10.9000005722
0.0
SECONDS:391
10.9000005722
10.9000005722
0.0
SECONDS:391
10.9000005722
10.9000005722
0.0
SECONDS:391
10.9000005722
10.9000005722
0.0
SECONDS:391
10.9000005722
10.9000005722
0.0
SECONDS:391
10.9000005722
10.9000005722
0.0
SECONDS:391
10.9000005722
10.9000005722
0.0
SECONDS:391
10.9000005722
10.9000005722
0.0
SECONDS:391
10.9000005722
10.9000005722
0.0
SECONDS:391
10.9000005722
10.9000005722
0.0
SECONDS:392
10.9000005722
10.9000005722
0.0
SECONDS:392
10.9000005722
10.9000005722
0.0
SECONDS:392
10.9000005722
10.9000005722
0.0
SECONDS:392
10.9000005722
10.9000005722
0.0
SECONDS:392
10.9000005722
10.9000005722
0.0
SECONDS:392
10.9000005722
10.9000005722
0.0
SECONDS:392
10.9000005722
10.9000005722
0.0
SECONDS:392
10.9000005722
10.9000005722
0.0
SECONDS:392
10.9000005722
10.9000005722
0.0
SECONDS:392
10.9000005722
10.9000005722
0.0
SECONDS:392
10.9000005722
10.9000005722
0.0
SECONDS:392
10.9000005722
10.9000005722
0.0
SECONDS:392
10.9000005722
10.9000005722
0.0
SECONDS:392
10.9000005722
10.9000005722
0.0
SECONDS:392
10.9000005722
10.9000005722
0.0
SECONDS:392
10.9000005722
10.9000005722
0.0
SECONDS:392
10.9000005722
10.9000005722
0.0
SECONDS:392
10.9000005722
10.9000005722
0.0
SECONDS:392
10.9000005722
10.9000005722
0.0
SECONDS:393
10.9000005722
10.9000005722
0.0
SECONDS:393
10.9000005722
10.9000005722
0.0
SECONDS:393
10.9000005722
10.9000005722
0.0
SECONDS:393
10.9000005722
10.9000005722
0.0
SECONDS:393
10.9000005722
10.9000005722
0.0
SECONDS:393
10.9000005722
10.9000005722
0.0
SECONDS:393
10.9000005722
10.9000005722
0.0
SECONDS:393
10.9000005722
10.9000005722
0.0
SECONDS:393
10.9000005722
10.9000005722
0.0
SECONDS:393
10.9000005722
10.9000005722
0.0
SECONDS:393
10.9000005722
10.9000005722
0.0
SECONDS:393
10.9000005722
10.9000005722
0.0
SECONDS:393
10.9000005722
10.9000005722
0.0
SECONDS:393
10.9000005722
10.9000005722
0.0
SECONDS:393
10.9000005722
10.9000005722
0.0
SECONDS:393
10.9000005722
10.9000005722
0.0
SECONDS:393
10.9000005722
10.9000005722
0.0
SECONDS:393
10.9000005722
10.9000005722
0.0
SECONDS:394
10.9000005722
10.9000005722
0.0
SECONDS:394
10.9000005722
10.9000005722
0.0
SECONDS:394
10.9000005722
10.9000005722
0.0
SECONDS:394
10.9000005722
10.9000005722
0.0
SECONDS:394
10.9000005722
10.9000005722
0.0
SECONDS:394
10.9000005722
10.9000005722
0.0
SECONDS:394
10.9000005722
10.9000005722
0.0
SECONDS:394
10.9000005722
10.9000005722
0.0
SECONDS:394
10.9000005722
10.9000005722
0.0
SECONDS:394
10.9000005722
10.9000005722
0.0
SECONDS:394
10.9000005722
10.9000005722
0.0
SECONDS:394
10.9000005722
10.9000005722
0.0
SECONDS:394
10.9000005722
10.9000005722
0.0
SECONDS:394
10.9000005722
10.9000005722
0.0
SECONDS:394
10.9000005722
10.9000005722
0.0
SECONDS:394
10.9000005722
10.9000005722
0.0
SECONDS:394
10.9000005722
10.9000005722
0.0
SECONDS:394
10.9000005722
10.9000005722
0.0
SECONDS:394
10.9000005722
10.9000005722
0.0
SECONDS:395
10.9000005722
10.9000005722
0.0
SECONDS:395
10.9000005722
10.9000005722
0.0
SECONDS:395
10.9000005722
10.9000005722
0.0
SECONDS:395
10.9000005722
10.9000005722
0.0
SECONDS:395
10.9000005722
10.9000005722
0.0
SECONDS:395
10.9000005722
10.9000005722
0.0
SECONDS:395
10.9000005722
10.9000005722
0.0
SECONDS:395
10.9000005722
10.9000005722
0.0
SECONDS:395
10.9000005722
10.9000005722
0.0
SECONDS:395
10.9000005722
10.9000005722
0.0
SECONDS:395
10.9000005722
10.9000005722
0.0
SECONDS:395
10.9000005722
10.9000005722
0.0
SECONDS:395
10.9000005722
10.9000005722
0.0
SECONDS:395
10.9000005722
10.9000005722
0.0
SECONDS:395
10.9000005722
10.9000005722
0.0
SECONDS:395
10.9000005722
10.9000005722
0.0
SECONDS:395
10.9000005722
10.9000005722
0.0
SECONDS:395
10.9000005722
10.9000005722
0.0
SECONDS:396
10.9000005722
10.9000005722
0.0
SECONDS:396
10.9000005722
10.9000005722
0.0
SECONDS:396
10.9000005722
10.9000005722
0.0
SECONDS:396
10.9000005722
10.9000005722
0.0
SECONDS:396
10.9000005722
10.9000005722
0.0
SECONDS:396
10.9000005722
10.9000005722
0.0
SECONDS:396
10.9000005722
10.9000005722
0.0
SECONDS:396
10.9000005722
10.9000005722
0.0
SECONDS:396
10.9000005722
10.9000005722
0.0
SECONDS:396
10.9000005722
10.9000005722
0.0
SECONDS:396
10.9000005722
10.9000005722
0.0
SECONDS:396
10.9000005722
10.9000005722
0.0
SECONDS:396
10.9000005722
10.9000005722
0.0
SECONDS:396
10.9000005722
10.9000005722
0.0
SECONDS:396
10.9000005722
10.9000005722
0.0
SECONDS:396
10.9000005722
10.9000005722
0.0
SECONDS:396
10.9000005722
10.9000005722
0.0
SECONDS:397
10.9000005722
10.9000005722
0.0
SECONDS:397
10.9000005722
10.9000005722
0.0
SECONDS:397
10.9000005722
10.9000005722
0.0
SECONDS:397
10.9000005722
10.9000005722
0.0
SECONDS:397
10.9000005722
10.9000005722
0.0
SECONDS:397
10.9000005722
10.9000005722
0.0
SECONDS:397
10.9000005722
10.9000005722
0.0
SECONDS:397
10.9000005722
10.9000005722
0.0
SECONDS:397
10.9000005722
10.9000005722
0.0
SECONDS:397
10.9000005722
10.9000005722
0.0
SECONDS:397
10.9000005722
10.9000005722
0.0
SECONDS:397
10.9000005722
10.9000005722
0.0
SECONDS:397
10.9000005722
10.9000005722
0.0
SECONDS:397
10.9000005722
10.9000005722
0.0
SECONDS:397
10.9000005722
10.9000005722
0.0
SECONDS:397
10.9000005722
10.9000005722
0.0
SECONDS:397
10.9000005722
10.9000005722
0.0
SECONDS:397
10.9000005722
10.9000005722
0.0
SECONDS:398
10.9000005722
10.9000005722
0.0
SECONDS:398
10.9000005722
10.9000005722
0.0
SECONDS:398
10.9000005722
10.9000005722
0.0
SECONDS:398
10.9000005722
10.9000005722
0.0
SECONDS:398
10.9000005722
10.9000005722
0.0
SECONDS:398
10.9000005722
10.9000005722
0.0
SECONDS:398
10.9000005722
10.9000005722
0.0
SECONDS:398
10.9000005722
10.9000005722
0.0
SECONDS:398
10.9000005722
10.9000005722
0.0
SECONDS:398
10.9000005722
10.9000005722
0.0
SECONDS:398
10.9000005722
10.9000005722
0.0
SECONDS:398
10.9000005722
10.9000005722
0.0
SECONDS:398
10.9000005722
10.9000005722
0.0
SECONDS:398
10.9000005722
10.9000005722
0.0
SECONDS:398
10.9000005722
10.9000005722
0.0
SECONDS:398
10.9000005722
10.9000005722
0.0
SECONDS:398
10.9000005722
10.9000005722
0.0
SECONDS:398
10.9000005722
10.9000005722
0.0
SECONDS:398
10.9000005722
10.9000005722
0.0
SECONDS:399
10.9000005722
10.9000005722
0.0
SECONDS:399
10.9000005722
10.9000005722
0.0
SECONDS:399
10.9000005722
10.9000005722
0.0
SECONDS:399
10.9000005722
10.9000005722
0.0
SECONDS:399
10.9000005722
10.9000005722
0.0
SECONDS:399
10.9000005722
10.9000005722
0.0
SECONDS:399
10.9000005722
10.9000005722
0.0
SECONDS:399
10.9000005722
10.9000005722
0.0
SECONDS:399
10.9000005722
10.9000005722
0.0
SECONDS:399
10.9000005722
10.9000005722
0.0
SECONDS:399
10.9000005722
10.9000005722
0.0
SECONDS:399
10.9000005722
10.9000005722
0.0
SECONDS:399
10.9000005722
10.9000005722
0.0
SECONDS:399
10.9000005722
10.9000005722
0.0
SECONDS:399
10.9000005722
10.9000005722
0.0
SECONDS:399
10.9000005722
10.9000005722
0.0
SECONDS:399
10.9000005722
10.9000005722
0.0
SECONDS:399
10.9000005722
10.9000005722
0.0
SECONDS:399
10.9000005722
10.9000005722
0.0
SECONDS:3910
10.9000005722
10.9000005722
0.0
SECONDS:3910
10.9000005722
10.9000005722
0.0
SECONDS:3910
10.9000005722
10.9000005722
0.0
SECONDS:3910
10.9000005722
10.9000005722
0.0
SECONDS:3910
10.9000005722
10.9000005722
0.0
SECONDS:3910
10.9000005722
10.9000005722
0.0
SECONDS:3910
10.9000005722
10.9000005722
0.0
SECONDS:3910
10.9000005722
10.9000005722
0.0
SECONDS:3910
10.9000005722
10.9000005722
0.0
SECONDS:3910
10.9000005722
10.9000005722
0.0
SECONDS:3910
10.9000005722
10.9000005722
0.0
SECONDS:3910
10.9000005722
10.9000005722
0.0
SECONDS:3910
